27.5090360692 349.944199111 -244.294767501
281.167393269 -150.767390572 474.40095698
-179.136470299 -429.300276714 160.383392449
140.709107734 -202.065495063 474.453380111
-336.590184076 -82.385978508 -194.635556414
-148.282938177 422.934072083 -154.778487883
-226.193282152 333.35039515 -259.389428017
-468.188954795 195.566449948 -395.649254927
84.9069066484 -67.8181721437 -359.775290071
-263.332494571 202.580406683 102.966237055
450.893829789 204.28813317 -87.9180785016
-133.178260966 -137.005932859 -200.688648461
-11.2043829137 167.62403239 -224.584248023
358.989067826 317.248655107 105.348160911
-39.9492793665 196.453576954 -73.140775778
177.76381737 103.102000571 -403.465518457
-419.382520972 -403.198001515 346.416688291
-374.809794212 352.157524905 -372.936235142
-133.422405995 -470.882124231 -189.596861349
-147.449309901 59.6767454181 -82.6255353472
-397.447564378 40.2701644202 -17.9351783176
-204.939059214 -375.081750977 -119.979989801
-375.978092771 125.812144066 265.789022088
123.104204186 -92.2299505809 485.801487726
-225.794426292 424.168813193 -172.540895012
-72.1039535486 74.3500198103 247.009140687
-331.547185635 135.749794283 -140.28345007
1.18764029565 412.20172618 64.8594072615
-492.222686048 -183.729928901 421.511347105
255.795837178 277.044367905 108.692808458
-347.983320477 -127.345566113 6.82265026639
-56.1864256503 437.976122144 -378.720908478
33.6448436124 296.129004991 -71.4805805137
-52.6925829793 -42.6313925712 446.872964454
166.588048244 327.976251593 81.6802702835
-363.054202139 -79.7108658445 315.925367932
238.574596745 243.055888566 319.084327167
462.135704064 48.9359255726 252.401377587
-412.235694093 104.000656588 384.252544421
179.222893477 190.312628125 494.486771779
-65.2370171024 469.773706241 -19.6230128473
373.514261747 479.30957176 464.536551745
-287.868317098 -368.58150436 324.740767298
403.790431119 -471.478227596 156.380562001
381.380796712 -359.81636722 106.58209577
170.526503295 -261.505155806 88.4795678993
-313.053371083 -374.015653297 102.668153059
295.346131007 -472.041714575 -429.515669444
154.589669898 -90.591795404 -456.963176277
429.476805955 124.416404341 325.308984984
101.826897027 -379.435458677 116.377787735
270.227527368 459.731694374 -446.531606403
393.647931201 165.67021757 99.0819619747
193.159707744 44.6946011192 75.6777546368
154.968481866 -94.7669878227 200.927636278
234.778937229 -369.174416983 -422.626835826
36.3240800663 -235.990008129 -442.837429739
151.843172823 197.572616377 -281.741007411
-291.155778519 -256.507100161 468.725774763
-340.078924209 -409.768080758 -441.561723232
-494.221495744 -297.502426612 494.535008027
385.29363941 -488.818486012 -248.280784594
255.812788519 -124.871596601 -392.790855958
157.733261436 413.983061614 -151.008853536
462.846372941 7.81869402771 -142.183079386
-9.08125426125 -459.119414241 67.1933208275
198.959262165 121.434377663 221.779554306
373.548092929 370.031689107 -303.550338306
10.081421773 358.945627251 -360.494162682
-30.3454171585 -495.204564373 134.383372428
-94.1364994566 151.924216871 -330.076795867
-69.9555882659 -428.604398241 386.967698653
-390.372428464 -202.646192719 -371.185157194
-263.870050166 181.259094514 -51.4142658055
-192.723511987 200.027742522 -460.119159585
468.635226072 123.551917943 -1.73107475869
290.066135983 -160.778362868 -144.349110268
201.571625333 -422.676308824 -312.513713463
-430.117555406 260.560711235 -172.886590871
154.389326729 259.924925985 219.019833502
-238.879283736 -326.069460103 -72.6818329521
479.903477624 -317.062743651 183.357745829
-114.789891309 -329.746105603 81.4527937633
91.0951479092 -240.422975924 -203.87031263
430.731845295 -438.864535961 -136.698418759
-87.6829820844 -354.425419847 -426.820613465
331.893943801 311.004891383 9.37747571778
220.535737498 175.522380475 -270.513038
167.36125712 -398.56997124 434.737989788
-155.697398903 483.972702434 202.050830388
-125.296659673 -109.586607981 -256.608926252
120.350797332 428.77611058 -136.090460237
346.276168828 -270.388159514 402.606839899
368.02708932 -82.0331843798 -256.763731897
-258.454450946 -392.282466749 -15.3292224012
-165.858852863 486.662916955 -400.584456225
-388.331129767 -316.119136525 -470.588945005
-171.528152779 495.786055671 -59.0225077916
-26.2131393095 31.4458685212 359.445547936
353.284459991 -246.565440499 -344.154343466
203.944927527 -266.602671043 -457.935939459
484.758777307 -341.515254092 148.695877797
352.813485437 290.628048248 -286.660081711
-347.076234108 180.145684319 -372.965849631
-388.20195966 -201.038776883 -248.906289081
-251.818549616 -217.563404515 5.86073898948
458.684308003 161.237912674 -426.802295194
270.697260389 -418.646406193 -385.802154452
274.303808209 -379.490511085 -336.280461387
353.897312952 -232.338219718 74.1224937299
-319.891556927 124.152640548 91.9512843025
-16.8768114716 -354.25655349 -87.0861003999
412.476404188 -182.512610951 -441.011981877
113.476056922 281.913839254 -313.867956177
-86.3993429616 -246.654699275 60.2095505273
-138.862267068 -279.555117812 -50.5611150025
-376.383500748 342.728927581 -140.571135042
201.059114133 -373.537358765 67.7010627697
-177.848062744 169.900318787 -238.013807029
-141.591285435 319.848716463 265.320684757
-166.656061732 -357.935290134 210.697084471
-152.564536453 -404.611418299 -487.550626094
477.259684961 -435.292754394 -148.111082966
436.858473857 358.247793601 -237.839343285
214.302056849 204.679092586 -443.634725226
-65.3295242227 -56.811362932 -455.663248465
-355.225812795 -167.288983841 345.076805311
-89.3615439595 -57.6873954454 -329.162147746
167.431188074 126.104748242 -422.458746976
-98.3821509191 -45.5501628813 73.0192682279
-158.031428519 -53.9953578176 151.949269776
469.17307419 320.871928559 -218.47450058
-317.20668119 5.92481272743 -118.897677914
303.984634979 -90.5795103238 120.946030977
-263.935018333 161.748337955 106.07305885
224.829846898 -158.727017962 -488.090173878
378.165486393 490.963300507 216.716523413
255.514834658 445.081993907 240.599672947
-244.520683295 183.573688021 -302.968931905
278.412686406 -33.4873046318 -167.840908501
-101.909588407 -473.095295694 -122.01625766
-382.74006491 -83.7256285704 473.659562456
-197.52299675 220.702304954 -333.679916111
243.585520907 -31.2431221825 -429.642765447
-247.978661878 373.307149705 310.206134098
-49.1942369791 178.724649487 72.331905704
-324.850659753 -105.488720539 -393.791699514
-444.965354298 76.9638885856 -195.464930213
337.255704051 202.16603308 135.340670286
-139.180891285 213.263413093 -377.731458152
251.411406422 -461.316791036 -191.079324107
204.685115424 -311.154069154 -178.926911545
316.446911544 -11.1726991857 -432.644673062
-255.079201273 -486.999626431 237.146404498
214.466991134 51.6382431331 -8.4135734092
96.9054222687 -64.0901765663 -34.8823710514
403.291007326 -194.310574396 327.941129446
-461.368690912 225.0755555 -21.9418683956
471.458915486 -254.573644858 484.412695725
-195.630163653 -119.881065656 -383.671671485
-188.744318073 436.244849051 179.910608989
182.240652403 104.707041062 281.35623531
-238.479686218 -341.201424465 -229.474822865
-129.328381851 442.752765873 -307.628714027
-467.529205024 123.719558939 73.9165382952
119.514322256 -458.795648772 381.801387645
200.183698845 139.854854224 108.085416323
-497.760531536 -163.463961525 401.006241872
142.343143387 114.246317836 -10.3346090225
493.619188118 55.1583683351 -181.757252231
-374.648386916 255.614869598 393.175962528
-163.719804425 300.340481484 285.959855382
-311.665398301 12.1925168296 436.542422403
-456.33347549 -148.518507491 -394.534174549
-208.31635648 -2.37756066625 -157.512896494
55.5843017294 -218.518641891 -78.6208843546
-402.320586642 -49.3577906874 386.199226856
12.1809799882 -433.99384176 336.77050856
-417.818122648 -57.6289880447 200.469235595
-209.32658601 -350.060314478 -127.767786107
427.354227222 391.060507027 209.39069934
-127.725221913 -55.9730609922 -196.595399852
308.982472523 157.34799396 317.442496869
-396.900878459 -97.2230403088 -296.734284237
387.639961395 -184.319466506 -410.252813754
-125.169703848 -383.836378424 257.275729613
-205.126681249 237.827099462 -378.955024647
218.561886878 135.817503913 142.178949988
311.05077956 111.066579828 -378.204362288
-371.151568342 -84.9572989758 339.156685685
-272.311578947 -60.0824422612 392.87456458
-496.630668375 411.677574373 -170.031803563
-389.934025751 -59.5167329606 -493.21786771
202.721931303 102.654394142 290.700899448
484.289784078 -438.249439965 293.637691597
163.652654923 427.988483971 410.874190583
198.949002775 -362.3485532 -464.344939931
404.552992079 203.013187193 371.36796838
417.652806766 159.162658093 -8.49100184167
54.7462531624 278.24791557 193.76776625
337.180332783 -203.385901986 -276.766044886
-475.711817065 371.80962734 297.4787049
-487.490268567 12.4762478145 -395.099199171
200.822171242 10.6060773906 349.40032693
256.17776748 49.5706579303 -201.530608998
422.727474915 361.659910868 -81.3882957719
46.9619390754 265.776953131 439.777531165
362.78469685 -442.070513879 212.66615503
125.227613866 304.083456793 331.703946722
-248.217671629 252.346527525 75.6439145687
-39.1737554876 32.5274264869 -271.523595174
230.58325622 -193.650549487 31.790010577
60.3365083438 -202.589538851 307.433992391
-214.949949524 229.804335365 65.9469686236
-264.343217248 340.544370623 259.985595936
31.917496106 -44.91636957 479.281118625
197.126053231 86.3199249778 -206.573530942
373.63899597 -267.958461022 -434.829130928
424.062846398 459.346883953 -109.699673801
-352.632158833 350.425652385 388.155160315
-410.394502105 4.65027175314 81.6017796828
-185.751458081 -84.0467375932 -212.178180819
95.0421817006 -349.632082249 -341.165374918
73.728186862 -103.830878383 -108.961597374
214.079458325 89.4896774654 395.326120477
-460.224222586 137.273387241 -429.248792984
451.149972578 340.991126688 -28.8364603567
-192.77536836 -361.749890896 -241.612582048
417.67019826 -258.41448591 -372.348931204
48.503497375 1.26023038394 55.1221055342
246.694632704 289.990985197 477.758889676
-283.341699895 -288.380889545 338.844563288
430.07280712 -460.891660767 -364.660750787
242.614103009 277.969810248 -225.123948614
2.7382384747 471.904683519 -128.767301432
19.3025637011 379.775643385 -366.237029427
-81.4007353077 -88.4103745396 -371.19572032
-4.20793679088 45.5886234829 -302.119760248
72.5997947785 -489.63630913 -107.758744566
-204.779949013 52.8577946259 -121.067760847
350.243494854 240.931366333 481.05379821
-471.117963124 -472.605323928 -282.501462474
-392.128425961 -124.635614485 -117.467570574
-55.8106573489 -459.706277183 -145.020200223
-200.508427439 -356.444424457 439.845161528
353.387134814 -449.572595417 164.739377452
264.760433946 491.752572671 -418.440419507
-297.265585262 -489.972531963 -319.03314023
26.5699343585 -327.833141213 447.051627604
-349.831754066 -176.937171773 29.0093151403
-446.841361836 -449.357742786 272.822578173
354.127394181 67.7274922614 -187.327856949
-142.267432977 110.981082244 476.462905447
259.144556009 -240.400379781 -81.9551984015
425.624667945 -464.229058959 444.806449254
-108.350492268 -374.731271191 -312.732986757
-83.0263434334 267.535096474 243.905815234
-287.428240851 35.3711594859 -15.8147743605
12.0238910776 -483.262804435 174.940757101
56.4991877888 -364.662792154 217.965709524
335.476062456 170.651730356 -162.173965818
420.387323059 -76.9524503808 -88.7524934884
200.316830308 -468.839314595 475.002043592
-147.450173193 -498.378233954 259.654566353
257.149877742 361.965328821 35.0007253278
-348.057330096 322.896564447 -191.971944372
-44.7036581573 26.420236342 -396.604241197
48.9422212343 -279.57721412 -411.209222913
-241.429519333 409.663906528 -84.8764560591
456.50851734 -137.587209326 203.735947964
-407.682344495 13.5731692084 -260.752808865
-217.107241357 89.2719768664 381.115828462
342.091377855 88.1803234375 320.064008
91.6741996515 -257.512847585 67.8853123219
-400.915896433 291.138535108 334.845836582
-472.253384466 -91.5400746523 150.822067901
-28.7082467221 239.990471522 394.736946042
225.795419215 -384.79127275 177.602759823
-330.712815531 327.925042418 166.043086552
401.34301484 -137.975582939 296.015491406
487.239057561 -497.059250157 422.883938495
-267.491694856 -326.204782493 -151.27726177
66.2459145926 388.582294903 258.104407621
-81.5779534628 245.85170763 25.6161631679
-87.0191898895 7.93449598686 -271.090055754
-291.673108745 -100.871593422 -164.180258157
285.085734555 373.301686644 328.850151254
-421.543531059 228.349408674 -66.0335769287
-286.892141439 340.813037867 416.244809602
-228.050523032 269.943404972 209.291648386
326.955403068 -471.992319028 408.781105896
333.161268637 -253.433190696 -450.280817173
255.300552218 94.9937620652 -221.038534624
430.938486062 -108.860417534 -445.644347827
160.648391371 -330.187274713 109.693107876
426.38716717 383.854396753 -172.71183932
-233.957040644 147.40288311 426.452589167
-401.724731691 -69.9453666197 -409.51618561
453.780700693 -63.6892250811 270.871537505
-94.3787793376 314.714619754 -228.401556647
215.739848182 358.287976385 -141.553506773
-489.757397625 408.115933972 2.97500553308
-188.520927577 293.55736905 2.41367541464
-96.8187527464 -296.768737655 -135.637607206
-328.965085847 432.445996117 -171.616819395
-413.477724811 448.154569938 -301.108077206
-235.190831907 -207.950991429 -171.130743274
378.937747605 289.430800946 272.948252689
-376.664671364 -8.43100345613 -352.058358264
161.717305627 -303.03970249 372.227144401
155.048421873 -117.556544907 -146.107138969
-372.520365099 -437.732087821 112.335788429
-125.552305927 -405.751147205 291.301219046
-109.544276647 41.3038749998 331.256612399
394.518132316 385.811432184 -97.4990340452
477.691141043 -173.161283213 259.695781955
-334.718150246 398.673816398 216.398815778
-44.8223683091 -254.5998352 -368.379605825
269.455552395 -369.993198433 -95.1560629753
171.528282129 -3.32929879743 111.114633437
-393.589251396 434.288887645 -347.070797528
-367.30201766 61.3868480692 -32.3519811685
232.950549225 -129.414613093 -320.487282474
437.592627142 -445.254050468 382.438994094
-475.351273304 362.408942588 -491.08859052
-85.0438279485 -450.737375125 236.153129889
290.053797807 -13.4550295778 -287.142758294
224.74575027 -319.457213847 142.694949525
208.107679934 108.049833755 13.5074922988
-481.108221983 -304.789035045 -94.968357362
-483.025739998 -302.418280462 481.513795159
-482.520043309 -95.6684817778 261.148508005
186.4169409 -94.0969423011 159.782707184
494.945499175 496.421904242 -77.2299519699
221.003535186 102.569731124 110.032201319
-137.200504617 229.665452875 461.242611667
384.450321306 -460.762899559 102.208489715
436.360577486 468.169424294 366.664395806
-52.2316650444 -322.104023073 298.773068453
189.674610347 174.994030091 -172.33914526
189.931524952 281.397064702 302.211257814
-235.998381596 320.969919167 -28.5805450227
423.866242502 -161.612186522 379.12708126
98.2429067319 160.884808621 490.013495402
-340.669440495 -149.057386595 -194.655717389
14.8095886297 268.881013522 422.611798963
-168.883836028 -309.232107582 -167.100807175
-493.134919246 87.7549309449 -417.947497974
424.476343365 -302.40410053 48.3529693959
498.274495714 148.201979919 91.8540754205
124.278518098 -50.2634861007 -24.5230976742
-361.570423781 197.111139414 -385.660898412
174.607290231 138.413406737 -347.471714388
-58.1365562637 -316.959961249 -2.31467511094
261.928894051 479.217886866 -46.1129210999
-317.156994718 396.448767729 -279.955274928
-175.026300987 -187.686904804 -134.703577838
-166.041599583 25.8129716475 -367.708694071
-55.2851700017 -138.998533669 -248.673041502
-59.0930304188 -493.643400199 196.927684124
73.1597035303 -193.492195009 -244.523694963
-416.974591116 -427.090168549 -440.391291835
-450.869491181 -320.789244662 -187.240172708
307.288226811 -185.18683666 418.614677651
151.340162802 -212.756694373 -427.404713025
-363.622819801 404.821986669 -69.0192385567
359.56072592 -402.037142304 312.450670122
-0.376698467858 -388.841886614 -475.287344887
23.4213287502 417.111345775 -252.771695024
396.671519214 44.9758656812 -447.181332888
-334.803329242 130.414665038 9.72594172987
-402.157527063 -85.239553427 -209.27125121
-173.933448161 -376.463729827 -282.911650198
308.895028542 -51.4371096793 -154.632399023
-76.123459708 248.147863677 -127.206759941
-266.504386006 78.9039308296 -425.073062297
-394.551428455 165.37337458 366.163000613
240.642291555 -181.010631859 435.59187506
253.283341894 100.394085274 26.7915220695
-356.282341999 -362.328609851 -63.1697580241
124.283302538 347.988437522 -243.974018381
-383.72002708 -483.182519334 179.136191655
60.9942356866 -156.885608903 -61.4959775287
-120.01769599 -405.488610435 -21.0789901313
-483.570829929 24.6239323173 189.319944424
346.971658228 389.029905707 -173.052746008
-371.265044945 491.43445422 459.213459671
-91.7534567011 419.032048586 -346.918690324
-432.013376992 -350.637336527 -143.899196404
42.6414512858 -249.271980067 -80.3776266858
120.120358265 247.39533034 156.269926946
460.335152795 -163.976690716 324.727628104
335.966351482 -475.078866009 -490.548447857
209.095319874 -106.521980195 -333.868733271
430.245328186 441.970980955 300.613307444
294.357985492 44.0171804832 -478.902094521
-372.179298354 435.791256525 68.9436013986
482.133221211 113.477108709 -476.376256395
-452.966307278 263.153066369 372.984882387
319.423802288 -241.682297659 138.364210108
243.990341766 104.75407521 -126.305957503
163.992747597 -297.700203492 -95.0844645792
-434.751752592 294.141707014 -90.9338206131
-177.956656214 418.17062204 216.571882224
132.865278668 489.952628637 -456.231055407
146.645124916 -197.260815395 229.828288289
483.862671553 -465.973812135 -452.489661606
221.583362975 -305.004351926 -389.313214303
346.516340813 174.108817124 -454.186924987
-250.014272522 19.6451789146 -29.0417043654
-462.245614383 -51.4056516814 94.041010825
230.47267548 -135.740465212 175.701131363
-364.424059364 -18.9531786805 -156.42506315
-198.537345888 140.434186212 -113.096315758
-156.479901435 418.5285695 152.867926465
-208.429613419 -90.2021646315 -1.54785859868
172.923506748 427.498462685 -243.229692868
371.929085869 -228.677611846 -359.311511018
160.970250822 -39.6191359881 15.7365993362
215.680852174 -94.5906369491 -418.053967188
155.350048678 14.622879384 418.76669463
79.8206596192 88.5878916117 -92.2655697642
-450.941935076 -350.250447715 483.309823992
-328.78896584 -95.2195685354 199.387239132
160.668814273 -331.369770578 -182.706547388
-130.524402952 392.718285679 361.331102403
-140.95992209 466.737546158 -278.062647435
375.445070191 441.478434749 -239.70882222
134.389943657 -162.480086278 363.486291639
-122.637958436 -391.381576194 83.5250745266
-373.923654226 -225.030469308 -414.647590068
-53.6717703867 289.663604675 -130.610323242
-350.887751487 -439.680745763 389.928304151
-339.915316185 249.688719801 413.041434517
-118.27468164 -445.420607377 -185.629511763
-208.972490519 -222.655137816 288.884669648
379.84971797 -170.416880718 -471.496156155
-114.615706732 -222.301303893 458.975359027
454.877309121 417.434464921 -332.173878404
462.109451542 230.121175602 223.510256021
-284.412362243 439.080349627 73.0798856499
-34.5938475849 393.580303702 -329.910275961
-470.456642228 194.976929424 118.330734116
-340.122981527 482.379004486 -201.758941664
455.253578747 242.037610015 35.1796036678
-142.508708189 -482.875021054 369.221554458
120.438513159 -49.1157100612 320.621009151
375.290485331 27.068363605 86.2240849587
261.78428636 -433.566079895 80.5745289487
40.6487377409 180.031557094 220.44938872
396.617332382 497.981918756 -150.392898604
392.99232447 -42.3452235485 392.658863449
151.339577278 213.744737598 -26.9205606433
356.216606542 425.055308453 -303.943283948
-356.172580218 111.351184117 52.8505825168
-294.472057792 140.579610903 -277.913972219
197.620416583 212.194783033 75.9123998539
-473.629631666 -272.175355562 -25.3971848072
-84.8321998725 55.5539344331 -427.546291418
84.5945704789 168.772783401 228.229646436
376.123128864 -496.538125951 460.615242438
-218.837200398 -162.39320556 466.034378779
173.472268639 -19.0313837424 -447.474086893
-367.008692164 437.581694954 -458.004951748
-33.7066849292 -390.784556016 -163.99540006
102.883187111 299.24934221 -56.2366206339
180.11379704 424.083248401 -355.16223854
-271.848987586 -172.118226082 146.584128331
-408.812626127 421.232768601 -201.949222365
-463.895878364 -463.058932076 -372.336957049
310.518202995 211.746992316 -272.67349083
-457.782457632 -435.367288048 -79.0103440436
-105.270316785 59.3547979033 -434.481365143
-122.65144408 -464.561195263 -352.468441163
-23.8598632703 -467.436074713 450.696940378
234.452240967 11.4472472622 -110.76060462
157.956136036 -244.605366546 420.965181495
-312.680999398 -228.056165238 -200.145308744
103.518795721 -178.915080824 454.993275879
464.314967693 -231.775607478 291.385571892
28.6213844052 483.741119601 -397.128407446
-489.643273759 182.604342968 -49.7906885463
-150.097096203 -178.872651661 210.058220075
51.3301099104 -107.571400153 -479.151608723
6.62211452795 -413.316192318 -312.829618022
256.590434116 -459.805125793 -101.069789723
-460.236337425 412.22965716 284.569380846
-384.240165205 -135.395786057 23.6370283769
-416.586269614 -232.20331395 -290.438922736
145.145804189 20.5880622129 284.401206685
131.059933916 -34.0400359853 244.988242405
40.8510506791 481.438966098 107.375431714
363.108282776 -258.344973221 -340.593184336
312.314557349 354.440391399 426.530664845
-327.610833586 414.534643765 -17.0431883951
-107.918519056 -171.842239028 -61.2692432593
-103.59017386 116.254394108 -90.483503964
133.857566295 201.849285672 89.1640748584
-14.6390454683 163.647853024 45.2118838604
106.435282694 -28.4583009824 480.973125236
245.675042485 -471.380028072 -148.825684408
36.144504086 130.793749487 -114.210633728
385.970517008 -39.4202303924 98.6215271149
450.972271947 -471.535391801 118.560600826
-98.8744558347 -197.300716134 -280.224614458
-320.058664567 -279.507534648 187.119363965
35.8354616776 -458.305349214 430.703505324
-151.130207036 -427.633680951 132.144707797
-373.376044286 -229.115308143 89.8539955241
126.648667136 -373.846876394 -140.894365159
37.5436747779 -438.453509262 -313.629772404
-13.463126431 392.745302876 -201.888098331
88.8833501045 424.726167996 -447.268954247
494.943889498 -42.7866183155 -176.459481179
300.760178199 -184.466400372 209.870950812
-199.484949485 182.499210093 -252.872865812
183.671088072 340.83148415 -335.39559471
174.531663895 -386.664178627 217.441942655
-375.910399989 -207.49361119 191.024253402
312.675763585 -103.93790948 195.313385866
-379.418709731 -377.34129305 144.66993919
-202.855115283 396.301994982 334.865777356
36.7718185433 -432.966311508 232.794715248
-13.7037506451 375.805111145 -343.13467389
-238.788494531 -253.757010462 217.843829923
-314.803351466 430.107076531 273.008713963
372.596511677 225.606156659 457.556514455
380.254463663 134.942886631 -230.008077694
-381.947963134 -34.3974247362 20.4744939265
391.704483695 465.386837149 -3.07175794982
174.391018655 378.458431841 -410.084803714
-367.797262731 460.761982274 34.6871337652
-213.665305587 234.359127832 216.75454427
362.30129627 265.615000091 -385.664359799
63.8140728145 357.526654862 13.5007818573
-416.018949584 126.555529806 416.128559809
313.142386256 -158.17556523 -221.426259026
337.662189755 -304.844177222 -390.887989289
-74.8260872476 269.877954045 399.035727447
-312.169584782 291.247804934 471.084813787
-73.5727302335 -149.729284155 -148.75353239
-228.613431953 282.682442333 -383.549928037
-403.51480294 32.4423444383 -431.837602222
229.389155658 376.932480138 319.052707738
-83.6713971271 -131.739690654 270.350728058
374.622131421 -333.501138975 -243.784747958
156.004116352 323.927222735 270.645832766
-394.323828159 197.550718734 -392.558930014
-345.054900349 -61.4438322665 -5.36976104263
31.6419289633 257.300342938 -477.435487013
455.699991781 222.298283434 -355.035133235
-38.7782977676 -446.124360334 233.203194161
298.315988759 461.384446268 177.084309594
-423.56450636 296.172140594 -282.358479458
-266.195561885 -130.258276687 -424.379772456
138.842452314 411.494926953 428.106983367
48.0704959498 -289.340982632 75.0727947337
-210.30946523 31.9861273513 -181.017299306
492.503194922 -372.093774069 334.560364708
21.2091652407 98.2964933784 -76.6711135584
224.462361638 -263.371821527 -207.79494585
422.186751809 199.968810719 380.298289207
202.304393906 332.822857049 65.9241753637
-240.916218925 455.988856059 303.892328131
-102.48620892 418.26104211 -68.4435490877
235.7746609 198.428448663 -230.111868752
334.116786468 -276.495460563 -405.550158846
-481.413323305 -95.7995221159 -90.902048456
246.017042536 291.03344562 347.527994227
-125.008252292 209.707575929 173.839340169
231.193770547 -148.685280069 90.588058376
-387.915126647 166.313513009 -65.1358457658
277.164027776 306.431141547 394.020325012
497.194300868 494.428360468 -344.306150871
-214.661349784 328.132617807 129.860891785
446.528423859 -107.504533973 -89.7737671681
-199.24074711 -190.63542689 -93.2772729901
-51.899478271 67.4411634382 284.315743408
-295.990462938 -271.171930822 -183.229983302
-403.25398239 350.406557995 -362.954270241
-419.903874981 -376.691404299 103.995262802
107.616693717 -27.1774702144 -159.023577915
237.152276365 -356.029929073 225.52869071
358.729673067 265.433008696 -290.306040492
191.036057695 294.294124458 268.977352251
23.6569269854 -304.978179308 -172.172096381
-436.660732637 -447.38360147 -156.589476437
45.4166111278 107.493848832 329.82016931
-11.722421388 338.06316187 -230.282612802
-357.396431171 56.4310837681 441.586753608
219.48490581 -140.360408878 30.3162435279
400.019607481 -120.916815534 -317.210661711
28.943316453 438.647671601 -20.4711970883
-449.751732821 493.998204162 -226.539766752
62.7232774438 -140.474709797 169.085581439
23.423798858 227.612833571 -23.5442827821
-380.479319577 494.916713843 -363.580712811
257.269710634 -131.062791726 494.798669267
-131.628452616 291.702043196 354.571616198
265.959451197 -196.116767347 248.734594029
392.859590382 227.96051658 -177.698987177
360.527996033 -219.406499079 122.937201681
37.5219142764 94.0874594221 89.1322342389
408.682964323 413.164760383 -461.286859902
116.458904246 -412.641454452 434.294484739
451.690530805 171.253804753 142.363917495
107.21266077 -243.597311322 -219.823819496
-183.23056287 -61.9758400181 139.706402725
-427.241866509 -438.773642896 458.782575116
119.483328477 304.135492937 118.291501495
186.183419906 152.895321803 -438.433643024
392.890215248 372.04197121 -498.062426218
-83.8221896129 -353.129255251 -348.933217962
-335.435132657 -307.520436162 -37.6369327806
-325.639452825 295.667379538 -105.742274767
226.820368742 -304.998879131 26.7508406174
-498.785753587 -385.135553753 374.812720291
176.523962289 436.396885016 495.932143003
-115.642280302 418.692188862 271.27270057
218.950703175 140.062322971 -59.6184586352
-226.045445053 -312.974406026 -299.039415694
-218.987749287 -95.6869198469 158.086769433
418.182829594 -204.377967702 -250.891154733
-157.571433496 419.361227814 443.698060296
19.4228746233 479.504719598 96.6040585327
329.024936238 -158.874374894 294.067685478
44.6835571895 187.916987094 -442.999962204
-497.380449068 -59.4098222619 -43.1737206394
97.7715614422 -322.637977978 -56.266224903
-35.4935834778 -54.0036193602 -229.388973243
148.447515907 -7.9261552089 218.188150384
-13.4395506881 -268.423379504 -133.933271838
167.21094254 462.821690211 493.284608522
-285.293379005 -256.4504837 190.1458109
-346.986401826 -11.200517689 -42.1928033599
-22.0263684008 -80.6766154068 254.81514794
-91.4370772474 299.022736702 -446.145197072
-177.286930446 -325.119495285 469.333907755
17.8671416797 -200.912945343 480.858281481
218.784179542 -318.706093473 -437.778996433
-207.590830844 -332.437190327 -220.293317132
-180.303539811 115.041648096 316.724233406
3.90770507614 192.680420453 -441.628000019
-152.62341284 -215.935713436 280.091519297
-5.19233100549 -470.620942143 90.1142737817
81.6605751795 278.853141659 2.50143874372
-495.904601017 -80.0884865727 -498.624689815
469.357340463 -334.783259167 -18.7429593106
412.279683387 -306.789796149 -327.778801969
150.164762584 191.000995613 301.758897391
20.5022134404 362.853052251 5.79638979428
-305.082796956 151.203874059 195.582348556
357.177388701 112.150427958 -266.493522216
344.605111024 39.2784262197 94.7624659227
-172.913090037 200.160007175 6.44286600942
-206.177187126 93.508592177 -316.113329283
58.9742076769 -42.8517346477 253.207991848
240.116025474 -376.768111368 -25.6909440511
133.540555519 201.172072554 292.667135872
-167.409417165 141.883458605 -392.916576226
-243.850131439 417.381627152 323.886483724
176.349813602 -487.00775994 249.952304975
285.119062205 115.505600987 323.900838012
-145.0293656 -367.899640501 -442.718218047
165.592914227 259.032418092 -40.3946300219
-99.337573687 -328.105757351 -257.734994354
-433.883859895 95.6585148665 -30.9876544472
-248.708005159 -229.861507803 -429.819715273
-310.829247635 417.81564064 420.829583813
-6.45752807356 -267.910693754 -460.86282655
6.57025993757 231.039179102 451.774419546
444.042773709 88.5612901736 220.737122562
-458.113070019 427.1544068 353.066920766
-427.668483061 69.3531330715 -245.427806797
-155.956817487 7.34935372079 -100.092038389
381.255280845 -142.1431866 -337.733320022
-464.335342767 -12.2547489353 -333.889015608
-227.164056669 48.0689286873 481.808731396
245.691182465 -305.150522604 -151.569735883
375.862289158 90.4582248164 372.243418926
230.218947771 -138.967350124 162.747832813
-375.093503707 361.703427176 -127.862530891
-407.663519834 -74.7372377225 32.6384639613
-179.129073847 74.0400148788 141.590897852
-207.768313901 -486.753241455 -241.233191399
-396.15413687 -72.0837501157 -105.108691585
362.110264545 217.525186326 173.300792442
351.411850425 499.653355277 484.458563259
475.569673351 127.526169888 408.420449016
-29.0586751373 54.0041934823 -244.706179872
-351.422616407 102.648822732 382.927951615
-487.822824414 -120.283978519 318.002659819
227.131596692 72.128093904 -164.051872236
211.536037616 379.844076524 -249.913663752
461.075704272 255.727212495 -359.506905098
111.010881786 -433.322145476 -53.004748199
-176.303949592 483.217687134 172.737523079
496.581211071 197.337500853 249.802197914
210.195391235 -226.433306215 118.512348347
-288.60286776 -93.2314848031 173.985677662
411.451297674 446.078495409 139.153065227
252.381952476 299.74127921 101.765038293
-248.403781214 15.9518276008 250.889357754
33.5724723735 368.95130068 169.914318755
-359.478109905 -117.168364224 -85.8427199037
-49.8809397921 294.738248666 -412.282276106
-328.515593819 -48.9260997631 -284.23351672
306.072643895 78.3827677622 380.873930278
-120.17161763 -459.87454343 -412.316821886
-4.67723852097 -119.193483456 -451.095041473
264.743070503 -363.860990772 367.430366951
-85.9553440126 -50.8328243947 346.816715147
-20.2782636225 104.261212367 271.996028802
-454.686069695 -440.999452997 -401.299396126
-115.610888837 -136.018776061 320.168370239
88.7116377079 -279.493020218 267.038675315
101.222545707 288.151507558 165.910351678
467.764747318 351.613843866 437.584573287
58.3066071185 -29.7048095418 450.407721363
-299.040363398 -425.409151722 313.947290491
-9.58523899578 247.79663751 -219.353931019
-258.579371364 -366.02581862 -160.440965577
148.648048287 436.482373209 458.887346796
-360.650735203 496.169247097 -237.734835825
-332.960981629 154.780551254 -153.87713218
-334.523184606 -326.676276341 -220.862985337
265.056916884 204.219764006 23.5451904345
-410.98920307 -353.995529534 -374.743271642
262.410526839 312.328202622 459.598003476
177.116146817 -335.265129281 367.777522162
-482.996790268 498.283267799 179.763563892
-245.361429484 -181.375299119 248.796153329
83.8197672017 42.42065718 -12.538765192
-45.345324065 80.5529892831 -377.028964159
-304.817407465 363.765666889 465.241938195
385.441884539 -430.399400641 -382.64511879
-453.910742812 267.597370662 416.778470302
-27.5560903881 -166.521500422 -430.696845941
-498.183874062 -409.589289915 416.564643353
-361.789265446 77.0981861167 254.276711591
465.099945894 76.4473185816 214.786754827
309.57621979 -100.257258997 -373.909778531
129.408860416 464.495212344 194.262483862
-254.838110517 -124.370050206 61.2995989507
402.385878784 392.631850641 202.186520055
50.2161611978 330.46543784 9.65173779385
108.625364395 -492.888664003 -397.258562688
-424.093469227 76.8381122859 -272.314901651
478.770422801 89.7006710932 -263.414349779
-151.490693932 -230.287959137 257.337329978
-317.961447241 -363.691403561 -392.242165182
232.083035228 35.8380536147 442.421472163
-281.683269967 305.888234217 -299.040856116
-277.902455856 -166.772234635 -439.075373497
411.447869493 32.7073989086 385.546096109
141.936537995 -251.710572025 -69.0720863046
165.989030129 -352.796451861 105.789532033
153.061597341 -123.74359462 -81.94744513
305.776382202 103.048373722 -247.289132218
-115.813240562 416.386935928 266.518127756
176.495964198 332.254930227 216.053592428
379.707285906 56.4569710491 -34.8318814393
15.7305691285 -211.636472416 -83.3204025559
39.9087849863 293.230869696 -468.30360324
301.878035113 287.705790276 305.187185592
-216.95968155 -325.164526402 409.28966538
6.36167448933 147.017428185 113.789970296
69.7415938518 -171.03321066 95.0400757797
-438.51599538 -187.491211276 -245.807342846
271.143474878 129.327717049 473.675177915
120.283887404 -144.957754052 280.17666972
-221.534740448 37.0872627948 68.5172083653
-425.483517902 100.14080693 -21.2865359158
405.566956864 162.41946414 391.226663373
-275.186939749 403.998639524 408.826842132
-105.91103873 279.356578212 128.274992758
180.278252963 -266.973652377 282.762275975
-433.313031105 -20.1713662893 -83.8792321241
38.6631246506 -21.9250935357 -225.36574041
-101.088329711 494.638147098 -222.886063528
303.527524467 -200.815925186 489.737027753
-141.083615274 350.049981615 -297.05304585
-66.6846881804 -338.527171683 -266.89120619
-93.361920787 83.2996041407 268.94713482
-446.140238762 167.239302205 -345.57610232
46.501318159 130.691716059 176.778212193
-85.0548916174 438.854717356 3.63486466283
101.740343467 225.467054468 220.739830493
132.493431929 313.073957476 -195.528414816
-138.517848148 325.597708581 112.467373712
196.982496908 311.391501613 -413.202801004
303.173140385 418.42802987 -322.880697191
-447.740591389 -328.78365861 104.021335573
311.290565679 100.844768638 117.298064017
-297.084065185 -18.1251695939 -159.258778007
6.68310805365 -137.978837022 -485.111891081
164.601969174 60.5665844912 -33.5643772847
301.228487792 245.770378868 -408.733710817
250.588921112 493.828320067 -454.584964152
200.326465244 32.7790763618 306.302540311
22.654840013 92.1281034879 -239.621334732
222.224464623 -121.210417934 -204.478834977
-448.414401837 -385.170669534 28.4166033695
-385.079336326 -272.527710956 372.370733993
-359.531554269 185.2627976 -372.003990657
459.347123623 -325.415940216 -27.234863521
492.332598638 -483.000335257 405.336519049
135.567303263 -151.284336776 459.67362966
-251.406258263 214.808293167 -85.5592474614
-334.788288069 401.897654541 165.146338244
-377.65807947 14.5538922014 -185.258693183
-86.4854938768 288.277199092 -240.275250845
-279.026370596 471.886985698 415.257764908
302.558792516 162.541370069 279.739020788
297.155999775 -353.143424456 420.716662069
210.967054019 216.895551304 -116.27599461
-66.6996099074 -18.7872069748 479.570580843
404.256009049 -158.516795276 -344.917957155
-102.617613309 -14.4401991892 -374.276881681
494.04746683 226.817153934 -243.383626814
310.174480391 428.91933294 -146.370267271
16.6659495801 -400.502476221 214.59019355
163.190669724 -494.876229823 399.296768016
-56.8011177185 -62.8498624879 -253.040458036
492.372708558 -106.405853356 -470.747098769
217.675217299 181.713134301 172.072303837
357.000478558 222.140372211 377.971973972
39.8784379635 -419.180412846 278.408159263
-100.495023957 410.151066044 273.118435528
470.304259213 -78.0137414092 -280.715363862
-356.806176866 195.027343563 -350.798072988
246.887351327 227.709859745 -179.468588225
-21.4377345397 245.385945865 -335.49788058
-111.930188077 285.840656541 -337.742154482
464.385111699 377.790477338 -310.705065329
-47.5836961061 163.526839767 -464.71014081
-4.7774491516 388.02229136 286.107163783
53.3682588596 -427.792177594 -496.697331303
472.270597018 -487.074598597 -90.734621503
-24.662137641 498.933245818 -284.044727151
-73.9178109487 -209.999127486 -37.6547369024
401.930560542 103.403957234 22.8697659684
-370.651543751 -7.83052439867 -266.259002099
-436.381091573 38.5118173242 -453.055877738
-239.067934646 464.670881422 -485.71344914
86.6503642308 -99.0082439256 -123.723734189
-101.597958998 320.348279905 -30.1027822567
-486.953758641 52.669378988 192.267337173
-54.1891395536 -244.635420227 -165.246720584
-475.888532264 -60.4935260839 -258.116740568
266.098751967 164.588688976 -371.400330316
-103.796780417 -345.236730719 -404.996253779
-368.380691491 290.186311059 -241.737300929
-230.797100444 254.183979745 113.30884293
-10.3439442504 -308.46213284 -262.33338037
298.727389568 -337.417079921 -286.268531935
-118.285915615 59.7511562235 -298.309669662
-374.056605908 -384.760557447 -38.0944507118
-25.9912672172 39.6309142433 -488.956571005
33.0135936511 -12.7108999069 -431.236727982
-11.4383532007 180.366067295 102.780533898
28.2828045669 361.989718208 -425.064106192
0.0935729692705 -494.078990357 -351.57557216
259.020420548 410.097566233 277.476546354
-344.435198799 -91.5396191881 -89.995183161
-490.410920097 -145.228213327 -166.158613236
-62.2490701336 -323.61836294 274.618168996
322.533992136 366.137780153 -426.328779762
-331.887981529 -319.606182327 274.321576941
-241.569152509 226.922099177 210.717260851
44.8398809159 -424.497641959 -189.764585559
437.734336288 -247.46341458 -477.841703953
-25.3060448787 216.180031632 310.736089753
-449.253897387 -229.428569481 396.029769526
436.609014745 -15.338346257 -224.493185813
-483.083604677 322.678678883 325.472869232
-380.481793588 316.399414217 -461.968205361
317.133791381 -99.1252527964 103.350727019
-117.592456271 -217.710347173 385.34004682
-120.602986743 -230.082843944 121.613769627
-30.2748647987 243.024319265 -473.855797086
329.295023379 -39.6067986793 263.47774428
-45.0643055121 -330.961508168 -236.087046721
430.41471226 352.061418392 -379.771829498
-223.06854446 -370.749081948 133.172852664
-455.242907417 410.142972508 122.640132101
-128.958966195 -449.648018832 40.2567047888
-378.838350089 256.716313369 360.900217369
-295.145213814 113.051829745 49.1219465221
125.185443079 176.502061219 -78.3409932394
1.54945840928 7.06805881368 465.370564962
-305.579401682 -176.670135403 384.56877423
262.241173642 8.62635484948 -62.7998841176
-298.992028226 -289.484848277 421.488490438
276.895588051 -150.700837758 -359.283301229
370.824988384 -300.082465332 -486.600931585
22.683845511 -296.155822736 -120.705147901
188.135035626 228.829059488 -458.134554704
-202.334244287 311.839249008 -43.1638109605
173.171644418 359.801875684 -145.213635804
-18.0832200921 -18.4567031101 -123.39893906
-444.008375658 -429.410814656 -463.938884308
-334.037003603 -52.2963822885 447.402292224
-314.221784296 221.250459237 101.558440671
295.942854316 118.677615359 159.118263971
-188.149312609 371.027942427 39.7411259571
-481.225736808 -409.356561325 -487.905060436
-479.379413673 427.86322206 -183.480058191
-277.622314301 365.406149726 200.599208468
300.86729483 152.115001367 20.1393294294
366.224874521 -289.258356293 -195.184812021
-125.618091465 358.677604885 369.05763301
399.133692379 -252.719890055 73.2656226662
-138.08055309 -322.250122532 64.6542084667
424.847983313 211.497626338 -15.8911627796
-210.634312041 -334.908009801 -375.432902793
422.273923925 -400.678996565 318.820889538
-157.375868085 461.320179202 236.866393016
-253.736811982 -449.385563541 -38.7885750318
145.905437329 -351.70498114 113.462023156
428.741725249 94.0564488281 -399.102299498
28.5410793939 -143.936808881 339.025355585
487.724009377 -494.24644626 -386.606681347
261.007918697 326.165258979 -39.8432227867
204.893481371 105.335979618 59.17461265
-269.749659735 139.332304051 -42.103387256
-396.605199289 436.609314061 250.872846255
-372.26377256 -190.03110712 -420.72827475
-8.38470465455 159.282623615 -38.6642860454
436.445606994 -487.958038442 -258.221879239
455.429812328 -193.317359539 -432.364786603
336.879986767 332.767628014 -223.624248936
-296.164321498 405.871042489 -279.966126444
-243.06115392 -263.174209211 21.0521270178
234.30922126 -211.880589717 -8.32106987911
-435.583418738 -379.614433552 -497.3809278
-303.777324905 59.3994441242 183.529623149
-174.657509826 477.373961886 -88.4969953199
428.347945795 -222.525849161 97.927775414
-244.037230869 -438.872426038 10.0537325537
-460.123223254 358.149096606 -21.10848818
-329.161399818 -401.162079588 439.083120733
199.109167681 266.5735798 -69.4277935604
-263.739782852 -390.107889804 28.2195065969
298.976492727 -451.25349798 142.481398007
-212.923138917 39.2901071126 116.125441367
67.2298781545 329.597671706 -29.7382752128
469.688140224 275.010911243 -436.859552329
263.978010938 -489.626171639 478.771281478
-23.2123459456 -38.7215059604 428.016260351
215.258744877 -21.9416662373 -150.522667945
237.145080158 51.8715663171 -156.190984515
-412.004685944 259.68708917 385.320381289
-83.9670026072 489.221108834 90.4725854936
159.886125174 -454.784359963 436.811540269
317.643454397 120.898996692 -128.828661494
291.968065169 -450.213561771 424.142766409
-335.286811152 359.4773765 -309.388672729
-131.037145937 372.477706661 -268.212661232
-121.097629096 -428.028867602 213.159572733
-19.9680008954 101.967234136 356.000689369
355.757195638 1.74594689274 94.3804663508
-146.321392498 298.710679625 -23.0893205449
-257.847075088 -110.754298876 -105.910551778
-72.2259716302 134.847140234 -244.196478208
451.678757814 110.450673192 -364.605249743
439.085827139 -48.2771268425 -431.666618014
-186.665997297 -164.169178205 143.459474779
-18.3859455297 83.544778569 155.967369921
275.468296949 -53.6065437618 72.0141877256
-244.332933223 191.392266223 161.220332782
411.009759891 -54.4504911654 -43.338333061
340.946899871 -292.639323027 249.353122742
459.957320354 484.570441389 101.34257044
235.954898488 85.2832157673 377.518284898
-466.517191006 118.530620893 72.4618547976
-164.065076856 -177.557609221 -233.36666308
486.628859924 262.584789358 292.435197833
-291.679801344 -82.1168553804 78.0505451807
166.258200399 -47.2629181068 -477.180813475
-494.851668157 308.647226137 -64.3164095858
29.596657256 -95.515309863 332.955667809
-395.738515842 -384.810070465 89.1696889523
-399.406819421 366.30483294 295.234520252
-335.68554411 -165.732689554 412.181757946
152.477555525 31.4055846747 -79.3805044061
-195.816492904 -415.122788168 -450.608648826
-75.6598414876 476.329698524 414.433678178
322.125274977 68.1845255048 -178.857610103
487.52010468 278.166557603 308.531473109
229.132163359 368.079366836 353.231885543
371.162988666 -437.861869066 354.337369629
-261.416498574 -144.674309379 484.40063261
106.373447791 -64.4962783119 -133.355787933
166.192778598 -138.074285602 -486.892233377
32.1773934196 -104.824475222 -311.389953117
321.77925908 -281.507962815 -457.231774031
361.989374194 138.781473868 -423.400833467
-97.72690531 76.5560277866 177.384858111
-320.542578816 -241.922154682 -210.865653356
