720 2 5 2 20
0.0130952294563 0.00188080252363 0.00088 0.0
0.0281960020959 0.00395694693988 0.00088 9.0
0.0498284488736 0.00632013988641 0.00088 18.0
0.0228448058228 0.00289166397622 0.00088 27.0
0.0234716759 0.00285370651874 0.00088 36.0
0.0473787090589 0.00591031106388 0.00088 45.0
0.0223530042421 0.00307265892303 0.00088 54.0
0.0112186576018 0.00158402643774 0.00088 63.0
0.0272623170256 0.00412283480226 0.00088 72.0
0.0430659102377 0.00637624888279 0.00088 81.0
0.0143952859371 0.00209104582069 0.00088 90.0
0.0485602467469 0.0067921704372 0.00088 99.0
0.047976023513 0.00613589523611 0.00088 108.0
0.0191903293105 0.00245072038477 0.00088 117.0
0.0140898428858 0.00171526057041 0.00088 126.0
0.0221814803769 0.00276258537522 0.00088 135.0
0.0232959401538 0.00316013603338 0.00088 144.0
0.0232801526557 0.00326953555912 0.00088 153.0
0.048674147165 0.00736737474183 0.00088 162.0
0.032513746243 0.00483892883628 0.00088 171.0
0.0144126090057 0.00205639713611 0.00088 180.0
0.0292505498129 0.00408397646648 0.00088 189.0
0.050080866018 0.00632688969954 0.00088 198.0
0.0229050940039 0.00289607514764 0.00088 207.0
0.0237501407314 0.00289339098427 0.00088 216.0
0.0474011552116 0.00593107416858 0.00088 225.0
0.0223393315325 0.00307416839612 0.00088 234.0
0.0112067679496 0.00157850520933 0.00088 243.0
0.0271722962973 0.0040936349638 0.00088 252.0
0.0458574665261 0.00676394605252 0.00088 261.0
0.0228245253611 0.00325911081689 0.00088 270.0
0.0489036375459 0.00684272287693 0.00088 279.0
0.0477187599684 0.00611837974344 0.00088 288.0
0.0191880733617 0.00245279754294 0.00088 297.0
0.0139364242428 0.00169556515577 0.00088 306.0
0.0306635670187 0.00378568253128 0.00088 315.0
0.0232729704821 0.0031415984792 0.00088 324.0
0.0232989992788 0.00326098174773 0.00088 333.0
0.0490767744309 0.00741864151564 0.00088 342.0
0.0470625389434 0.00701733805064 0.00088 351.0
0.0216719431879 0.00269906214783 0.002655 0.0
0.0466648891727 0.00602544991248 0.002655 9.0
0.0307091246548 0.00385004721413 0.002655 18.0
0.0144859434298 0.00186346896753 0.002655 27.0
0.0143671947433 0.00179712925486 0.002655 36.0
0.0319335205513 0.00394500235259 0.002655 45.0
0.023238127433 0.00297821013562 0.002655 54.0
0.0469845259965 0.00609004599242 0.002655 72.0
0.0441061336613 0.00555755567526 0.002655 81.0
0.00746562112454 0.000935291900341 0.002655 90.0
0.0254097328664 0.00327516290189 0.002655 99.0
0.0455925053569 0.00566369665382 0.002655 108.0
0.0226124422534 0.00290798802945 0.002655 117.0
0.0144195895827 0.00180120331439 0.002655 153.0
0.0274798151319 0.00355426154903 0.002655 162.0
0.0462002224557 0.00576491946097 0.002655 171.0
0.0216672738769 0.00269843447672 0.002655 180.0
0.0466473322883 0.00602308126198 0.002655 189.0
0.014483212231 0.00186311654185 0.002655 207.0
0.014365140182 0.00179688545926 0.002655 216.0
0.031925602799 0.00394443824494 0.002655 225.0
0.0232359921877 0.00297782440288 0.002655 234.0
0.0231124355989 0.00288745911592 0.002655 243.0
0.0465289409446 0.00603044657508 0.002655 252.0
0.0144821994664 0.0018033006026 0.002655 270.0
0.0288440721898 0.00372003960737 0.002655 279.0
0.0518069447847 0.00640500553326 0.002655 288.0
0.0226245895344 0.00290921680073 0.002655 297.0
0.0234080624093 0.00293161208026 0.002655 306.0
0.0462387510511 0.00577821369783 0.002655 315.0
0.0118929255875 0.00153706286459 0.002655 324.0
0.0144417954671 0.00180410185855 0.002655 333.0
0.0274674732376 0.00355259234119 0.002655 342.0
0.0468459344035 0.00605308084715 0.00267 9.0
0.046920926861 0.00589183626962 0.00267 18.0
0.0189235449618 0.00246163257257 0.00267 27.0
0.0306258699817 0.00378680167662 0.00267 45.0
0.0471643188305 0.00589657839727 0.00267 135.0
0.0223332674977 0.00291080799242 0.00267 144.0
0.0268258495054 0.00347220123117 0.00267 162.0
0.0137708334848 0.00172289554103 0.00267 216.0
0.0232699181588 0.00298333694076 0.00267 234.0
0.0228241433429 0.00285254836432 0.00267 243.0
0.0228320832266 0.00293777067023 0.00267 297.0
0.0223434246586 0.0029119874593 0.00267 324.0
0.0216717918882 0.00269811340459 0.002685 0.0
0.046664852413 0.00602421352224 0.002685 9.0
0.0307090694204 0.0038497700404 0.002685 18.0
0.0144858766464 0.00186359197961 0.002685 27.0
0.0143671004371 0.00179724486209 0.002685 36.0
0.0319335146542 0.00394499712261 0.002685 45.0
0.0232379985849 0.00297778471293 0.002685 54.0
0.0231173245412 0.00288737781128 0.002685 63.0
0.0469850462071 0.00608793552325 0.002685 72.0
0.0441118907731 0.00555609521258 0.002685 81.0
0.00755794611171 0.000946687297912 0.002685 90.0
0.0254572092279 0.00328039036251 0.002685 99.0
0.0226125422452 0.00290808719563 0.002685 117.0
0.0450910605027 0.00563324247731 0.002685 135.0
0.0140157373146 0.00180021826828 0.002685 144.0
0.0144196155108 0.00180065211128 0.002685 153.0
0.0274796763155 0.00355297664612 0.002685 162.0
0.0461999705152 0.00576272176433 0.002685 171.0
0.0307043759189 0.00384909327841 0.002685 198.0
0.0144831718484 0.0018631917305 0.002685 207.0
0.0319255482169 0.00394435598289 0.002685 225.0
0.0232358180503 0.00297741276791 0.002685 234.0
0.02311235343 0.00288657936636 0.002685 243.0
0.0465288772957 0.00602823411779 0.002685 252.0
0.0228780936453 0.00286629870267 0.002685 261.0
0.0144821826692 0.00180279567473 0.002685 270.0
0.028843946392 0.00371932164426 0.002685 279.0
0.0226246326467 0.00290933865997 0.002685 297.0
0.0234080668554 0.00293179300573 0.002685 306.0
0.0462386132825 0.00577803472048 0.002685 315.0
0.0118928703248 0.00153677996773 0.002685 324.0
0.0144417761623 0.00180348765426 0.002685 333.0
0.0460340474188 0.00574279072902 0.002685 351.0
0.0217183956713 0.00270598836057 0.0027 0.0
0.046845830029 0.00605162171899 0.0027 9.0
0.0469207642413 0.00589123191376 0.0027 18.0
0.0189234301746 0.00246161157767 0.0027 27.0
0.0137720757756 0.00172297949409 0.0027 36.0
0.0306258917553 0.00378673661991 0.0027 45.0
0.0230202082657 0.00295136680971 0.0027 54.0
0.0230012649936 0.00287398493849 0.0027 63.0
0.0466670400541 0.00605108041679 0.0027 72.0
0.0464098389489 0.00585021945373 0.0027 81.0
0.0276499789967 0.00356795473928 0.0027 99.0
0.0303284471976 0.00376276502513 0.0027 108.0
0.0228109420138 0.00293518487072 0.0027 117.0
0.0231011005587 0.00289427128269 0.0027 126.0
0.0471643007196 0.00589658766345 0.0027 135.0
0.0223333438826 0.0029103824869 0.0027 144.0
0.0111346641967 0.00139952724101 0.0027 153.0
0.0268258693316 0.00347087200211 0.0027 162.0
0.0452375088377 0.00564736440916 0.0027 171.0
0.0217329433588 0.00270779617435 0.0027 180.0
0.0468414096245 0.00605110129782 0.0027 189.0
0.046898521816 0.00588834113304 0.0027 198.0
0.0189180830829 0.00246090534781 0.0027 207.0
0.0137708440802 0.00172292201597 0.0027 216.0
0.0306215549452 0.0037864445808 0.0027 225.0
0.0232699263085 0.00298292335176 0.0027 234.0
0.022824213714 0.00285178496138 0.0027 243.0
0.0465733968474 0.00603794945187 0.0027 252.0
0.0453535062813 0.00571803280265 0.0027 261.0
0.0129557975974 0.00161956825097 0.0027 270.0
0.0280960453081 0.00362469640847 0.0027 279.0
0.0497966289404 0.00616215928845 0.0027 288.0
0.0228322607113 0.00293776121808 0.0027 297.0
0.0231143020594 0.00289584239099 0.0027 306.0
0.0468800313787 0.00586139387223 0.0027 315.0
0.022343351448 0.0029115653253 0.0027 324.0
0.0111352418059 0.00139949701096 0.0027 333.0
0.0268280661307 0.00347097387915 0.0027 342.0
0.0449925157452 0.00561689865487 0.0027 351.0
0.0216719011953 0.00269733584216 0.002715 0.0
0.0466646928235 0.00602302581506 0.002715 9.0
0.030708982474 0.00384953270083 0.002715 18.0
0.0144858701127 0.00186366404543 0.002715 27.0
0.0143670463414 0.00179732364527 0.002715 36.0
0.0232379954548 0.00297743119206 0.002715 54.0
0.0231172202775 0.00288661343555 0.002715 63.0
0.0469867539969 0.00608631595829 0.002715 72.0
0.0441166460708 0.00555478322675 0.002715 81.0
0.0254569991176 0.00327976420178 0.002715 99.0
0.0463895015262 0.00576168017053 0.002715 108.0
0.0226125304975 0.00290812434921 0.002715 117.0
0.0231685818768 0.00290225673511 0.002715 126.0
0.0450909788433 0.00563314160245 0.002715 135.0
0.0140158026812 0.00179997914471 0.002715 144.0
0.0144195105727 0.00180021642786 0.002715 153.0
0.0274795958406 0.00355192421394 0.002715 162.0
0.0461999339335 0.0057606381265 0.002715 171.0
0.0216671574159 0.00269687731124 0.002715 180.0
0.0466471227411 0.00602083719281 0.002715 189.0
0.030704285629 0.00384891367893 0.002715 198.0
0.0144832582328 0.00186318676601 0.002715 207.0
0.0143651052624 0.00179711882287 0.002715 216.0
0.0319254935503 0.00394431294692 0.002715 225.0
0.023235916111 0.00297706269665 0.002715 234.0
0.0231123182358 0.00288588095755 0.002715 243.0
0.046528840975 0.00602628997334 0.002715 252.0
0.0228780756641 0.00286535112816 0.002715 261.0
0.0144821298027 0.0018021876094 0.002715 270.0
0.0288439494932 0.00371857537818 0.002715 279.0
0.0518067445022 0.00640429186263 0.002715 288.0
0.022624478665 0.00290943387161 0.002715 297.0
0.0234080595775 0.00293183502751 0.002715 306.0
0.0462386372344 0.00577795815692 0.002715 315.0
0.0118928875268 0.0015366137569 0.002715 324.0
0.0144416872064 0.00180307156877 0.002715 333.0
0.0274673017505 0.00355014579051 0.002715 342.0
0.0460339800898 0.00574086355211 0.002715 351.0
0.0217184947213 0.00270501716648 0.00273 0.0
0.0468456137476 0.00605011595487 0.00273 9.0
0.0469206087419 0.00589063739199 0.00273 18.0
0.0189233433833 0.00246152101381 0.00273 27.0
0.0137721055313 0.00172297611356 0.00273 36.0
0.0306258308541 0.0037867802158 0.00273 45.0
0.0230201725983 0.00295103581007 0.00273 54.0
0.0230012216986 0.00287326353495 0.00273 63.0
0.0466669627128 0.00604885904055 0.00273 72.0
0.0459160477654 0.00578612482011 0.00273 81.0
0.007463735629 0.000935266892581 0.00273 90.0
0.0276488388268 0.00356698652428 0.00273 99.0
0.0303283507281 0.00376229285096 0.00273 108.0
0.022810837354 0.00293529102544 0.00273 117.0
0.023101092828 0.00289441118456 0.00273 126.0
0.0471641233949 0.0058964627488 0.00273 135.0
0.0223332950686 0.00291000682558 0.00273 144.0
0.011134640251 0.00139913051803 0.00273 153.0
0.0268257689588 0.003469692003 0.00273 162.0
0.0452375871799 0.00564507503375 0.00273 171.0
0.0217328329837 0.00270684246358 0.00273 180.0
0.0468413011835 0.00604969498474 0.00273 189.0
0.0468985374725 0.00588763800039 0.00273 198.0
0.0189180617828 0.00246078002472 0.00273 207.0
0.0137707949421 0.00172298104409 0.00273 216.0
0.0306214859835 0.00378639423558 0.00273 225.0
0.0232699513876 0.0029825320865 0.00273 234.0
0.0228241687744 0.00285108556482 0.00273 243.0
0.046573404532 0.00603590336255 0.00273 252.0
0.0453535527985 0.00571579124307 0.00273 261.0
0.0129558063262 0.00161884763421 0.00273 270.0
0.0280958788399 0.00362391386699 0.00273 279.0
0.0497966926384 0.00616154195681 0.00273 288.0
0.0228320768151 0.00293782031066 0.00273 297.0
0.0231142116359 0.00289596309165 0.00273 306.0
0.0468799893047 0.00586140335251 0.00273 315.0
0.0223434103569 0.00291127029396 0.00273 324.0
0.011135227699 0.00139908945446 0.00273 333.0
0.0268279514471 0.0034698266405 0.00273 342.0
0.044992319915 0.00561462757694 0.00273 351.0
0.0224270164854 0.00279108287541 0.002745 0.0
0.048681613471 0.00628277364437 0.002745 9.0
0.0191524670501 0.00249019640571 0.002745 27.0
0.0232716643444 0.00290922295231 0.002745 63.0
0.0490629853215 0.00618423691449 0.002745 81.0
0.00853074297914 0.00105340026368 0.002745 90.0
0.0284548757791 0.00366794111184 0.002745 99.0
0.0304980095348 0.00378023824316 0.002745 108.0
0.0227719929916 0.0029290891698 0.002745 117.0
0.0471741142328 0.00590122650748 0.002745 135.0
0.0225081228958 0.00280120917449 0.002745 180.0
0.0191456779398 0.00248944093794 0.002745 207.0
0.0235079025272 0.00301519817279 0.002745 234.0
0.047864988941 0.00620465973835 0.002745 252.0
0.0327091048725 0.0041187544127 0.002745 261.0
0.0504451945973 0.00623661453725 0.002745 288.0
0.0230180600037 0.00296053181573 0.002745 297.0
0.0240457809106 0.00314506714684 0.002745 324.0
0.013498182959 0.00168854240943 0.002745 333.0
0.0292980141135 0.00379249045484 0.002745 342.0
0.0306770564595 0.00381418864976 0.002745 351.0
0.0458855638825 0.00587085215995 0.00276 9.0
0.0226133248982 0.00290755493693 0.00276 27.0
0.0223369993821 0.00290937256596 0.00276 54.0
0.0110186639828 0.00138386569919 0.00276 63.0
0.0494520428672 0.00633099493487 0.00276 72.0
0.00964901214342 0.00121796727213 0.00276 90.0
0.0470499048087 0.00581847926645 0.00276 135.0
0.0231238293842 0.00288841633518 0.00276 153.0
0.0129845211119 0.00161153176016 0.00276 180.0
0.0468531503133 0.00581796909845 0.00276 198.0
0.0461192887012 0.00576180590025 0.00276 225.0
0.0115213219553 0.00148823163573 0.00276 234.0
0.0190802103043 0.00235304851386 0.00276 243.0
0.0466426048662 0.0058183267021 0.00276 261.0
0.0490129651031 0.00616567053706 0.00276 288.0
0.0231910442468 0.00297134005246 0.00276 324.0
0.0311257020659 0.00391882697919 0.00276 351.0
0.013068845977 0.00162159349985 0.002775 0.0
0.0458854717093 0.00587022032202 0.002775 9.0
0.0468612892829 0.00581867014181 0.002775 18.0
0.0226132003164 0.00290763454119 0.002775 27.0
0.0234144742975 0.00293188732757 0.002775 36.0
0.0469457217728 0.00586597526 0.002775 45.0
0.0223369875354 0.00290927386457 0.002775 54.0
0.0110186711749 0.00138367158801 0.002775 63.0
0.0494517154676 0.00632996526188 0.002775 72.0
0.0488102720536 0.00608755617131 0.002775 81.0
0.00968409009548 0.00122202045853 0.002775 90.0
0.0472737030621 0.00610315232029 0.002775 99.0
0.0498365619171 0.00626939146399 0.002775 108.0
0.0110172008413 0.0014091382167 0.002775 117.0
0.0224801060171 0.00275727703199 0.002775 126.0
0.0470499106111 0.00581845439426 0.002775 135.0
0.0231953636013 0.00297188932256 0.002775 144.0
0.0231237953413 0.00288801767577 0.002775 153.0
0.0468179443123 0.0060661211738 0.002775 162.0
0.0311158602142 0.00391696640284 0.002775 171.0
0.0129844624793 0.00161128315042 0.002775 180.0
0.0458713501621 0.00586842917591 0.002775 189.0
0.0468531411535 0.00581773514184 0.002775 198.0
0.0226135260632 0.00290752005707 0.002775 207.0
0.0234386633413 0.00293503531746 0.002775 216.0
0.0461192232668 0.00576180896143 0.002775 225.0
0.0115213380443 0.00148817634841 0.002775 234.0
0.0190801256394 0.00235277659969 0.002775 243.0
0.0474538302387 0.00609061397501 0.002775 252.0
0.0466425410874 0.00581731576503 0.002775 261.0
0.0217259164987 0.00270486564635 0.002775 270.0
0.0473780266556 0.00611553734179 0.002775 279.0
0.049013006663 0.00616539506303 0.002775 288.0
0.0110333740429 0.00141116145959 0.002775 297.0
0.0224811223088 0.00275716984696 0.002775 306.0
0.0476497088002 0.00589123865794 0.002775 315.0
0.0231909535422 0.0029711684407 0.002775 324.0
0.0231245817463 0.00288787432348 0.002775 333.0
0.0468186822181 0.00606605573922 0.002775 342.0
0.0311258182028 0.00391816709679 0.002775 351.0
0.0130687162228 0.00162131895421 0.00279 0.0
0.0458853517407 0.00586970928743 0.00279 9.0
0.0468611283989 0.00581848548662 0.00279 18.0
0.0226131963002 0.00290763287218 0.00279 27.0
0.0234144126344 0.00293191860281 0.00279 36.0
0.0469456808962 0.00586602094352 0.00279 45.0
0.0223370134111 0.00290916161889 0.00279 54.0
0.0110186226874 0.00138352151139 0.00279 63.0
0.049451438101 0.00632901376364 0.00279 72.0
0.0488076934765 0.00608620308845 0.00279 81.0
0.00971588385258 0.00122588334414 0.00279 90.0
0.0472777696544 0.00610311818609 0.00279 99.0
0.0498365102753 0.00626926340234 0.00279 108.0
0.0110172049617 0.00140911541804 0.00279 117.0
0.0224800533253 0.00275733503585 0.00279 126.0
0.0470498830186 0.00581846030936 0.00279 135.0
0.0231953635323 0.00297170771035 0.00279 144.0
0.0231238068053 0.00288768944128 0.00279 153.0
0.0468177781936 0.00606528906091 0.00279 162.0
0.0311157802299 0.00391630124197 0.00279 171.0
0.0129845916116 0.00161111259803 0.00279 180.0
0.0458713772301 0.00586793911389 0.00279 189.0
0.0468531056861 0.00581746839535 0.00279 198.0
0.0226134793414 0.00290753371514 0.00279 207.0
0.0234386486311 0.00293508926584 0.00279 216.0
0.0461191940633 0.00576175837557 0.00279 225.0
0.0115213318588 0.00148808612869 0.00279 234.0
0.0190801782419 0.00235257152804 0.00279 243.0
0.0474538467684 0.00608974671521 0.00279 252.0
0.0466424457075 0.00581633982221 0.00279 261.0
0.021725770187 0.00270447263246 0.00279 270.0
0.0473779899511 0.00611500966271 0.00279 279.0
0.0490131185435 0.00616516098361 0.00279 288.0
0.0110333811375 0.0014111313728 0.00279 297.0
0.0224811811518 0.0027572295278 0.00279 306.0
0.0476496773207 0.00589124391924 0.00279 315.0
0.0231910036904 0.00297102161846 0.00279 324.0
0.0231245844357 0.00288760223093 0.00279 333.0
0.046818444155 0.00606515749525 0.00279 342.0
0.0311257066675 0.00391747961516 0.00279 351.0
0.0458854340157 0.00586902390171 0.002805 9.0
0.0234142843823 0.00293200564308 0.002805 36.0
0.0469456580872 0.00586609601451 0.002805 45.0
0.0223369140183 0.00290903840439 0.002805 54.0
0.011018595681 0.00138341087813 0.002805 63.0
0.0494513903657 0.00632813454594 0.002805 72.0
0.0486661250096 0.0060675579355 0.002805 81.0
0.00974723039718 0.00122961174807 0.002805 90.0
0.0471914913029 0.00609129993248 0.002805 99.0
0.0498283546976 0.00626806351544 0.002805 108.0
0.011017176659 0.0014091643902 0.002805 117.0
0.0224800619876 0.00275736889042 0.002805 126.0
0.0470498006247 0.00581852379376 0.002805 135.0
0.023195248055 0.00297165705296 0.002805 144.0
0.023123799467 0.00288742220963 0.002805 153.0
0.0468177489721 0.00606441570822 0.002805 162.0
0.0311157595787 0.00391564293851 0.002805 171.0
0.0129845203568 0.0016108040252 0.002805 180.0
0.045871131628 0.00586731647428 0.002805 189.0
0.0468530401049 0.00581729153692 0.002805 198.0
0.0226135426175 0.00290755725146 0.002805 207.0
0.0234386401969 0.00293516579805 0.002805 216.0
0.0461191548322 0.00576181708034 0.002805 225.0
0.0115213597682 0.00148799287562 0.002805 234.0
0.0190801440046 0.00235229706164 0.002805 243.0
0.0474538293944 0.0060887680459 0.002805 252.0
0.0217258528939 0.00270408479849 0.002805 270.0
0.0473778957862 0.00611444992235 0.002805 279.0
0.0490130313899 0.00616496902761 0.002805 288.0
0.0224812357989 0.00275728435874 0.002805 306.0
0.0476496523961 0.00589132143127 0.002805 315.0
0.0231909517153 0.00297096628215 0.002805 324.0
0.0231246251102 0.00288731573873 0.002805 333.0
0.046818469838 0.00606427891537 0.002805 342.0
0.031125680363 0.0039168826857 0.002805 351.0
0.0130687612167 0.00162087624692 0.00282 0.0
0.0458853287431 0.00586855479531 0.00282 9.0
0.0468611838773 0.00581802468343 0.00282 18.0
0.0226131288243 0.00290769346642 0.00282 27.0
0.0234142801856 0.00293204978226 0.00282 36.0
0.046945638707 0.00586611499758 0.00282 45.0
0.0223369539873 0.00290891854575 0.00282 54.0
0.0110185517699 0.00138330403978 0.00282 63.0
0.0494510083407 0.00632728149623 0.00282 72.0
0.0488367655619 0.0060877905671 0.00282 81.0
0.00977591598591 0.00123300050976 0.00282 90.0
0.0472778265498 0.00610204729713 0.00282 99.0
0.0498365347223 0.00626876290425 0.00282 108.0
0.011017185906 0.00140914897493 0.00282 117.0
0.0224799803131 0.0027574335588 0.00282 126.0
0.0470497939708 0.00581848680227 0.00282 135.0
0.0231952425195 0.00297151982872 0.00282 144.0
0.0231237600954 0.00288713264041 0.00282 153.0
0.0468177654872 0.0060636149068 0.00282 162.0
0.0311158029388 0.00391516880282 0.00282 171.0
0.0129845536194 0.00161052372699 0.00282 180.0
0.0458713304122 0.0058668855166 0.00282 189.0
0.0468531105503 0.00581713088704 0.00282 198.0
0.0226135467698 0.00290762943377 0.00282 207.0
0.0234385975269 0.00293527590649 0.00282 216.0
0.0461191744152 0.00576184024464 0.00282 225.0
0.0115214736793 0.00148795268479 0.00282 234.0
0.0190800735494 0.00235205699624 0.00282 243.0
0.0474539089602 0.00608803866495 0.00282 252.0
0.0466424745674 0.00581453797124 0.00282 261.0
0.0217258298513 0.00270378533056 0.00282 270.0
0.0473779487693 0.00611391483234 0.00282 279.0
0.0490129196926 0.006164728164 0.00282 288.0
0.0110333445682 0.00141106360501 0.00282 297.0
0.0224812093979 0.00275737264169 0.00282 306.0
0.0476496765143 0.00589132512718 0.00282 315.0
0.0231909363931 0.00297086313819 0.00282 324.0
0.0231245532992 0.00288700873603 0.00282 333.0
0.0468183606516 0.00606356315574 0.00282 342.0
0.0311256440506 0.003916356994 0.00282 351.0
0.0131415438831 0.00162936220749 0.002835 0.0
0.0465841259857 0.00595693690497 0.002835 9.0
0.0480591352418 0.00596566076623 0.002835 18.0
0.0237081450007 0.0029695524315 0.002835 36.0
0.046945611659 0.00586701067329 0.002835 45.0
0.0110300980802 0.00138470028445 0.002835 63.0
0.0482418967193 0.00601221405814 0.002835 81.0
0.0125399026018 0.0015361176731 0.002835 90.0
0.0439299025783 0.00566903385825 0.002835 99.0
0.0224584943725 0.00275534758321 0.002835 126.0
0.0234969442293 0.00301013297079 0.002835 144.0
0.023276428449 0.00290614898131 0.002835 153.0
0.0310943773061 0.00391146537209 0.002835 171.0
0.0130881611911 0.00162282852689 0.002835 180.0
0.046576233903 0.0059560291214 0.002835 189.0
0.0231012535853 0.0029705791562 0.002835 207.0
0.0237214643086 0.00297132749574 0.002835 216.0
0.0467878191897 0.00584642327107 0.002835 225.0
0.0115046725758 0.00148591957415 0.002835 234.0
0.0189801136181 0.00233938185406 0.002835 243.0
0.0224356490728 0.00279084745658 0.002835 270.0
0.0110155233111 0.00140889269015 0.002835 297.0
0.048014538049 0.00593778658996 0.002835 315.0
0.023493997551 0.0030096481306 0.002835 324.0
0.023278512169 0.00290625016957 0.002835 333.0
0.0479134644407 0.00620473025095 0.002835 342.0
0.0311085250241 0.00391319376963 0.002835 351.0
0.0130687355624 0.0016204235441 0.00285 0.0
0.0458852242091 0.00586761064831 0.00285 9.0
0.04686106051 0.00581766258213 0.00285 18.0
0.0226130411067 0.00290759672434 0.00285 27.0
0.0234141325734 0.00293210584301 0.00285 36.0
0.0469455593206 0.00586606231066 0.00285 45.0
0.0223368220196 0.00290860265554 0.00285 54.0
0.0110185692223 0.001383012261 0.00285 63.0
0.0494504656628 0.00632557396197 0.00285 72.0
0.0488310845065 0.00608527340199 0.00285 81.0
0.00983244348017 0.00123964424086 0.00285 90.0
0.0473611490746 0.00611187423415 0.00285 99.0
0.0498428860203 0.00626923897156 0.00285 108.0
0.0110170608471 0.00140918918654 0.00285 117.0
0.0224799049652 0.00275757132089 0.00285 126.0
0.0470498220863 0.00581848065684 0.00285 135.0
0.0231953132948 0.00297128227821 0.00285 144.0
0.0231236863243 0.00288656733452 0.00285 153.0
0.046817711336 0.00606203340946 0.00285 162.0
0.0311157664633 0.00391408839992 0.00285 171.0
0.0129845929331 0.00161018953568 0.00285 180.0
0.0458712728528 0.00586593481439 0.00285 189.0
0.0468530683215 0.00581670596727 0.00285 198.0
0.0226135129899 0.00290759478147 0.00285 207.0
0.0234386291479 0.00293536009605 0.00285 216.0
0.0461191063487 0.00576181286458 0.00285 225.0
0.0115213689145 0.00148786000906 0.00285 234.0
0.0190800052781 0.00235155732109 0.00285 243.0
0.0474536683241 0.00608644137695 0.00285 252.0
0.0466423372485 0.00581287398837 0.00285 261.0
0.021725762305 0.00270300707413 0.00285 270.0
0.0473778410019 0.00611295355283 0.00285 279.0
0.049012863373 0.00616437028803 0.00285 288.0
0.011033370801 0.00141109858301 0.00285 297.0
0.0224811823656 0.00275747536312 0.00285 306.0
0.047649562364 0.00589131720279 0.00285 315.0
0.0231908477622 0.00297058280107 0.00285 324.0
0.0231246070712 0.00288648496707 0.00285 333.0
0.0468185024374 0.00606196079219 0.00285 342.0
0.0311256104168 0.00391518094609 0.00285 351.0
0.0130686178952 0.00161990686854 0.002865 0.0
0.0458851308197 0.00586598238613 0.002865 9.0
0.046860998002 0.00581708864036 0.002865 18.0
0.0226130153179 0.00290804173343 0.002865 27.0
0.0234142176578 0.00293316813475 0.002865 36.0
0.0223368973803 0.00290971164832 0.002865 54.0
0.0110190207449 0.00138332274797 0.002865 63.0
0.0495314809055 0.00633531825601 0.002865 72.0
0.0470837961456 0.00586586598718 0.002865 81.0
0.00776771196826 0.00097041703835 0.002865 90.0
0.0464025854654 0.0059865576944 0.002865 99.0
0.0497541143529 0.00625777347077 0.002865 108.0
0.0110171724604 0.0014094404814 0.002865 117.0
0.0224799735238 0.00275864595322 0.002865 126.0
0.0470497601303 0.0058208791995 0.002865 135.0
0.0231951971886 0.0029721678151 0.002865 144.0
0.0231238236349 0.00288702594385 0.002865 153.0
0.0468176971162 0.00606139721675 0.002865 162.0
0.0311157521148 0.00391284212698 0.002865 171.0
0.0129844887228 0.00160971105688 0.002865 180.0
0.0458712674214 0.00586428831609 0.002865 189.0
0.046853081108 0.00581617956834 0.002865 198.0
0.0226133682685 0.00290802579009 0.002865 207.0
0.0234385945692 0.00293632665386 0.002865 216.0
0.046119314567 0.0057640912318 0.002865 225.0
0.011521246148 0.00148830506974 0.002865 234.0
0.0190800575822 0.00235184315295 0.002865 243.0
0.0474538001709 0.00608592088441 0.002865 252.0
0.0466424778902 0.00581117509609 0.002865 261.0
0.021725794202 0.00270214412804 0.002865 270.0
0.0473779269757 0.00611131276581 0.002865 279.0
0.049012853639 0.00616386895418 0.002865 288.0
0.0110333230056 0.00141126361043 0.002865 297.0
0.0224811272901 0.00275849964025 0.002865 306.0
0.0476496175537 0.00589377176066 0.002865 315.0
0.0231908659913 0.00297155235283 0.002865 324.0
0.0231246073244 0.00288704493043 0.002865 333.0
0.0468182079215 0.00606149241075 0.002865 342.0
0.0311254565111 0.0039141340304 0.002865 351.0
0.0130685880953 0.00161972639909 0.00288 0.0
0.0458850665792 0.00586546442888 0.00288 9.0
0.0468609399279 0.00581681828277 0.00288 18.0
0.0226129308617 0.00290803199728 0.00288 27.0
0.0234141851209 0.002933213836 0.00288 36.0
0.0469454958966 0.00586857567211 0.00288 45.0
0.0223368024532 0.00290957070853 0.00288 54.0
0.0110189468736 0.00138311155077 0.00288 63.0
0.0495380731761 0.0063351976806 0.00288 72.0
0.0471956062474 0.00587914201794 0.00288 81.0
0.00773340325975 0.000965666065961 0.00288 90.0
0.0456025144847 0.00588301057238 0.00288 99.0
0.0497541194337 0.00625765741691 0.00288 108.0
0.0110171998554 0.00140944096139 0.00288 117.0
0.0224799802831 0.00275864903315 0.00288 126.0
0.047049790445 0.00582081568498 0.00288 135.0
0.0231952248571 0.00297195103105 0.00288 144.0
0.0231237266688 0.00288668175266 0.00288 153.0
0.0468177299267 0.00606053504431 0.00288 162.0
0.0311156620142 0.00391226883788 0.00288 171.0
0.0129845379895 0.00160947089629 0.00288 180.0
0.0458711297623 0.00586381163443 0.00288 189.0
0.0468529616875 0.00581596520101 0.00288 198.0
0.0226133836775 0.00290803906252 0.00288 207.0
0.0234386271488 0.00293630231584 0.00288 216.0
0.0461192760579 0.00576402549539 0.00288 225.0
0.0115212539827 0.00148818206635 0.00288 234.0
0.0190801263556 0.00235161456086 0.00288 243.0
0.0474536063883 0.0060850267562 0.00288 252.0
0.0466424069552 0.00581023846149 0.00288 261.0
0.021725855443 0.00270162536286 0.00288 270.0
0.0473777143572 0.00611079707037 0.00288 279.0
0.049012845461 0.00616356186974 0.00288 288.0
0.0110333544447 0.00141124314907 0.00288 297.0
0.0224810817209 0.00275849138743 0.00288 306.0
0.0476496230427 0.00589373098001 0.00288 315.0
0.0231909037938 0.00297143144502 0.00288 324.0
0.0231244224171 0.00288671000792 0.00288 333.0
0.0468182142385 0.00606057477812 0.00288 342.0
0.0311254521189 0.00391352534711 0.00288 351.0
0.0130686877422 0.00161947841052 0.002895 0.0
0.045885135711 0.0058649012313 0.002895 9.0
0.0468607553095 0.00581655941726 0.002895 18.0
0.0226129310393 0.00290798818546 0.002895 27.0
0.0234141350332 0.00293330249201 0.002895 36.0
0.0469454012832 0.00586853252117 0.002895 45.0
0.0223367207105 0.00290942637934 0.002895 54.0
0.0110189056859 0.00138292575901 0.002895 63.0
0.0495573080452 0.00633676497878 0.002895 72.0
0.0472897995189 0.00588996597469 0.002895 81.0
0.00778025207222 0.000971449302496 0.002895 90.0
0.0454947124825 0.00586848848523 0.002895 99.0
0.0497490626505 0.00625674194975 0.002895 108.0
0.0110171988665 0.00140946389773 0.002895 117.0
0.0224799879937 0.0027586420274 0.002895 126.0
0.0470498074469 0.005820822042 0.002895 135.0
0.0231952097203 0.00297188078169 0.002895 144.0
0.0231237944263 0.0028864151378 0.002895 153.0
0.0468175562077 0.00605970954122 0.002895 162.0
0.0311155624543 0.00391159404772 0.002895 171.0
0.0129844583971 0.00160921846411 0.002895 180.0
0.0458711649477 0.00586338121475 0.002895 189.0
0.0468530672414 0.0058157748038 0.002895 198.0
0.0226134184785 0.00290792421888 0.002895 207.0
0.023438643085 0.00293633649746 0.002895 216.0
0.046119281543 0.00576401786721 0.002895 225.0
0.0115212347474 0.00148810331576 0.002895 234.0
0.0190800866033 0.00235145987628 0.002895 243.0
0.0474537153777 0.00608415563706 0.002895 252.0
0.0466423649188 0.00580931126091 0.002895 261.0
0.0217257772142 0.00270132476745 0.002895 270.0
0.0473777067496 0.00611017602392 0.002895 279.0
0.0490127733647 0.00616333849264 0.002895 288.0
0.0110332908939 0.00141128479811 0.002895 297.0
0.0224810096432 0.00275851060061 0.002895 306.0
0.0476495196646 0.00589372504379 0.002895 315.0
0.023190868115 0.00297127663243 0.002895 324.0
0.0231244678569 0.00288645845619 0.002895 333.0
0.0468181335088 0.00605973028178 0.002895 342.0
0.0311253216039 0.00391286309208 0.002895 351.0
0.0130686177065 0.00161931528227 0.00291 0.0
0.0458849820453 0.00586442389498 0.00291 9.0
0.0468606615832 0.00581640274479 0.00291 18.0
0.0226129876201 0.00290792236847 0.00291 27.0
0.0234141203554 0.00293333994712 0.00291 36.0
0.0469452966106 0.00586851893065 0.00291 45.0
0.0223367158025 0.00290933596586 0.00291 54.0
0.0110189368737 0.00138285488891 0.00291 63.0
0.0495440565491 0.00633448840136 0.00291 72.0
0.0472160719138 0.00588002595269 0.00291 81.0
0.00781402851899 0.000975496119487 0.00291 90.0
0.0454948046145 0.00586784702176 0.00291 99.0
0.0497490952166 0.0062565085756 0.00291 108.0
0.0110171815415 0.0014094935755 0.00291 117.0
0.0224798903229 0.00275873923607 0.00291 126.0
0.0470497693462 0.00582083394049 0.00291 135.0
0.0231951542678 0.00297182649337 0.00291 144.0
0.0231237226736 0.00288622779816 0.00291 153.0
0.0468175496951 0.00605907223203 0.00291 162.0
0.0311156461212 0.00391110161574 0.00291 171.0
0.0129844683587 0.00160904784953 0.00291 180.0
0.0458712002039 0.00586281307653 0.00291 189.0
0.046853049354 0.0058154813873 0.00291 198.0
0.0226134959173 0.00290786501248 0.00291 207.0
0.0234386509115 0.00293638789758 0.00291 216.0
0.0461192680947 0.00576406769034 0.00291 225.0
0.0115212930046 0.00148804798683 0.00291 234.0
0.0190800546277 0.00235130185046 0.00291 243.0
0.0474536513483 0.00608350677738 0.00291 252.0
0.0466422775893 0.00580860773861 0.00291 261.0
0.0217257522391 0.00270115228824 0.00291 270.0
0.0473777473648 0.00610980915889 0.00291 279.0
0.0490128864652 0.00616320513574 0.00291 288.0
0.0110333107781 0.00141127953305 0.00291 297.0
0.0224809883179 0.00275857894571 0.00291 306.0
0.0476495286316 0.00589373301657 0.00291 315.0
0.0231907760799 0.00297125410134 0.00291 324.0
0.0231244442882 0.00288623496943 0.00291 333.0
0.0468180976113 0.00605916994991 0.00291 342.0
0.0311253575326 0.00391239385761 0.00291 351.0
0.0130686179475 0.00161919738174 0.002925 0.0
0.0458849832621 0.00586407450838 0.002925 9.0
0.0468607272036 0.00581625010199 0.002925 18.0
0.0226129151219 0.00290791533457 0.002925 27.0
0.023414054209 0.00293334372944 0.002925 36.0
0.0469452196933 0.0058684243213 0.002925 45.0
0.0223367485672 0.00290922875421 0.002925 54.0
0.011018872209 0.00138280448813 0.002925 63.0
0.0495480698544 0.00633420631136 0.002925 72.0
0.047261902107 0.00588508588153 0.002925 81.0
0.00782743568256 0.000976942541444 0.002925 90.0
0.0459542945593 0.00592713397377 0.002925 99.0
0.0497314689764 0.00625420263613 0.002925 108.0
0.0110172116673 0.00140948134892 0.002925 117.0
0.0224798973584 0.00275877236434 0.002925 126.0
0.0470497242777 0.00582074154676 0.002925 135.0
0.0231952218839 0.0029717197525 0.002925 144.0
0.0231237100584 0.00288589466195 0.002925 153.0
0.046817580122 0.00605841174997 0.002925 162.0
0.0311156628254 0.00391066759474 0.002925 171.0
0.012984430785 0.00160889625293 0.002925 180.0
0.0458710513355 0.00586248014149 0.002925 189.0
0.0468529628619 0.00581544805376 0.002925 198.0
0.0226135344228 0.00290786590608 0.002925 207.0
0.023438694172 0.00293638904546 0.002925 216.0
0.0461191423947 0.00576396802751 0.002925 225.0
0.0115212453969 0.00148802436361 0.002925 234.0
0.0190800282364 0.00235107032685 0.002925 243.0
0.047453619266 0.00608291964185 0.002925 252.0
0.0466423316633 0.00580798819173 0.002925 261.0
0.0217256954092 0.0027008385946 0.002925 270.0
0.0473777063061 0.00610941983158 0.002925 279.0
0.0490127054218 0.00616306533747 0.002925 288.0
0.0110332673421 0.00141129075323 0.002925 297.0
0.0224809710879 0.00275862197538 0.002925 306.0
0.0476494997568 0.00589365939587 0.002925 315.0
0.0231907437044 0.00297103409108 0.002925 324.0
0.0231244247648 0.0028859319097 0.002925 333.0
0.0468181292922 0.00605846989784 0.002925 342.0
0.0311252176396 0.00391189845814 0.002925 351.0
0.0130685552494 0.0016190481511 0.00294 0.0
0.0458849487109 0.00586371457071 0.00294 9.0
0.0468606408023 0.00581604531383 0.00294 18.0
0.022612916161 0.00290789636917 0.00294 27.0
0.0234140436857 0.00293337386098 0.00294 36.0
0.0469451942239 0.00586837827396 0.00294 45.0
0.0223366399204 0.0029090876787 0.00294 54.0
0.0110188567472 0.00138269249408 0.00294 63.0
0.0495522504336 0.0063340847832 0.00294 72.0
0.0472839555445 0.00588713663929 0.00294 81.0
0.00786211938526 0.000981211669715 0.00294 90.0
0.0456024761689 0.00588124343644 0.00294 99.0
0.0497539882135 0.0062567760704 0.00294 108.0
0.0110171724717 0.00140949961209 0.00294 117.0
0.0224799124652 0.00275882330046 0.00294 126.0
0.0470497102516 0.00582071099677 0.00294 135.0
0.0231951615351 0.00297159638904 0.00294 144.0
0.0231237821182 0.00288568198298 0.00294 153.0
0.046817466213 0.00605776601248 0.00294 162.0
0.0311156546892 0.00391026953836 0.00294 171.0
0.0129844302784 0.00160874924373 0.00294 180.0
0.0458710880071 0.00586209492549 0.00294 189.0
0.0468530862357 0.00581527690062 0.00294 198.0
0.0226135379987 0.00290788571124 0.00294 207.0
0.0234386700944 0.00293648057548 0.00294 216.0
0.0461191431923 0.00576393061313 0.00294 225.0