720 2 5 2 20
0.0115212391589 0.00148800047348 0.00294 234.0
0.0190799711774 0.0023507928246 0.00294 243.0
0.0474535077163 0.0060821498942 0.00294 252.0
0.0466422907743 0.00580729275832 0.00294 261.0
0.0217257409489 0.00270055589956 0.00294 270.0
0.0473775994094 0.00610897236133 0.00294 279.0
0.0490125862479 0.0061628124433 0.00294 288.0
0.0110332296773 0.00141129224445 0.00294 297.0
0.0224809543457 0.00275864387942 0.00294 306.0
0.047649491397 0.00589365492544 0.00294 315.0
0.0231906682862 0.00297095808941 0.00294 324.0
0.023124489144 0.00288569705252 0.00294 333.0
0.0468178800338 0.00605786093936 0.00294 342.0
0.0311253632438 0.00391144453415 0.00294 351.0
0.013068506458 0.00161884215386 0.002955 0.0
0.0458848662363 0.00586323159607 0.002955 9.0
0.0468604938467 0.00581587718994 0.002955 18.0
0.022612952045 0.00290785303356 0.002955 27.0
0.0234140042908 0.00293339368121 0.002955 36.0
0.0469451618357 0.0058683784648 0.002955 45.0
0.022336686827 0.00290893370363 0.002955 54.0
0.0110188257538 0.00138261695155 0.002955 63.0
0.0495564320388 0.00633392523159 0.002955 72.0
0.0473020502344 0.00588863356667 0.002955 81.0
0.0079273966591 0.000989261779194 0.002955 90.0
0.0456023476463 0.00588087843194 0.002955 99.0
0.0497540440118 0.00625657591737 0.002955 108.0
0.0110171827438 0.00140950642491 0.002955 117.0
0.0224799128337 0.00275887520101 0.002955 126.0
0.0470496960533 0.00582070525508 0.002955 135.0
0.0231952599103 0.00297143221105 0.002955 144.0
0.0231238067671 0.00288548158369 0.002955 153.0
0.046817537569 0.0060571278978 0.002955 162.0
0.031115605314 0.0039097537606 0.002955 171.0
0.0129844010172 0.00160862541726 0.002955 180.0
0.0458710950079 0.00586168189 0.002955 189.0
0.0468530635939 0.00581508034387 0.002955 198.0
0.0226134843578 0.00290792054058 0.002955 207.0
0.0234386875267 0.00293648499595 0.002955 216.0
0.0461191092691 0.00576391411741 0.002955 225.0
0.011521241736 0.00148790596467 0.002955 234.0
0.019079996281 0.00235060344431 0.002955 243.0
0.0474536356542 0.00608155034559 0.002955 252.0
0.0466424057083 0.00580652593976 0.002955 261.0
0.021725623758 0.00270028170382 0.002955 270.0
0.0473777514899 0.00610864064865 0.002955 279.0
0.0490126420064 0.00616263118711 0.002955 288.0
0.0110332852559 0.00141127425255 0.002955 297.0
0.0224809585115 0.00275871343783 0.002955 306.0
0.0476494517515 0.00589358810334 0.002955 315.0
0.0231907263188 0.0029707917193 0.002955 324.0
0.0231244353969 0.00288550197756 0.002955 333.0
0.0468179303613 0.00605718882151 0.002955 342.0
0.0311252243536 0.00391093478988 0.002955 351.0
0.0130684693176 0.00161858991463 0.00297 0.0
0.0468605578264 0.00581562760739 0.00297 18.0
0.0226128936161 0.00290785990288 0.00297 27.0
0.0234139594561 0.00293344379773 0.00297 36.0
0.0469450739281 0.00586841103409 0.00297 45.0
0.0223366516638 0.00290883998633 0.00297 54.0
0.0110189048218 0.0013824650927 0.00297 63.0
0.0495604987202 0.00633377327456 0.00297 72.0
0.0472103739455 0.00587623316103 0.00297 81.0
0.00792411581026 0.000988640657171 0.00297 90.0
0.0456021847524 0.00588040693894 0.00297 99.0
0.0497539670502 0.00625643928856 0.00297 108.0
0.011017209885 0.00140952683083 0.00297 117.0
0.0224798771722 0.00275890620758 0.00297 126.0
0.0470497114734 0.00582067378417 0.00297 135.0
0.0231953081991 0.00297133625997 0.00297 144.0
0.0231237282826 0.0028852605457 0.00297 153.0
0.046817350418 0.00605639180775 0.00297 162.0
0.0311156034315 0.00390937272492 0.00297 171.0
0.0129844709617 0.00160843671656 0.00297 180.0
0.0458711069041 0.00586127508585 0.00297 189.0
0.0468530110213 0.00581479384701 0.00297 198.0
0.0226135236155 0.00290787869387 0.00297 207.0
0.0234386769567 0.00293651624509 0.00297 216.0
0.0461190615326 0.00576389495724 0.00297 225.0
0.0115212457599 0.00148786521103 0.00297 234.0
0.0190800237895 0.00235043742812 0.00297 243.0
0.0474535117371 0.00608093402618 0.00297 252.0
0.0466422074546 0.00580587736417 0.00297 261.0
0.0217257443574 0.00270002194708 0.00297 270.0
0.0473776074337 0.0061081536282 0.00297 279.0
0.0490126992899 0.0061625369169 0.00297 288.0
0.0110332495312 0.00141128855009 0.00297 297.0
0.0224808879745 0.00275875555914 0.00297 306.0
0.0476493984613 0.00589354789923 0.00297 315.0
0.0231907164292 0.00297071256714 0.00297 324.0
0.0231243682661 0.00288531700325 0.00297 333.0
0.046817855065 0.00605644101132 0.00297 342.0
0.0311250927777 0.0039104706178 0.00297 351.0
0.0130685293147 0.00161838719049 0.002985 0.0
0.0458848325366 0.00586230739866 0.002985 9.0
0.0468604920496 0.00581544697354 0.002985 18.0
0.0226129262612 0.00290795056078 0.002985 27.0
0.0234140033271 0.00293347183932 0.002985 36.0
0.0469450334979 0.00586846430428 0.002985 45.0
0.0223366499558 0.00290875488183 0.002985 54.0
0.0110188334017 0.00138232250949 0.002985 63.0
0.0495642591694 0.00633348199086 0.002985 72.0
0.0472307588944 0.00587794772601 0.002985 81.0
0.0079496745057 0.000991756895009 0.002985 90.0
0.0464764535318 0.00599237839269 0.002985 99.0
0.0497346229088 0.00625389305037 0.002985 108.0
0.0110171572976 0.00140951994532 0.002985 117.0
0.0224798453593 0.00275895479638 0.002985 126.0
0.0470497184495 0.00582068428239 0.002985 135.0
0.0231952542105 0.00297125885813 0.002985 144.0
0.0231236603028 0.00288500182918 0.002985 153.0
0.046817483742 0.00605571405864 0.002985 162.0
0.0311155918576 0.00390879953639 0.002985 171.0
0.0129843814069 0.00160816506294 0.002985 180.0
0.0458710394076 0.00586070769397 0.002985 189.0
0.046852851984 0.00581467884127 0.002985 198.0
0.0226134806099 0.00290792520338 0.002985 207.0
0.0234386474533 0.0029365872061 0.002985 216.0
0.0461191160494 0.00576388233596 0.002985 225.0
0.0115212359749 0.0014878222575 0.002985 234.0
0.0190800110293 0.00235029669419 0.002985 243.0
0.0474534991232 0.00608017968118 0.002985 252.0
0.0466422432884 0.00580506378577 0.002985 261.0
0.0217256919981 0.00269969148064 0.002985 270.0
0.0473774259097 0.00610766208724 0.002985 279.0
0.0490125808659 0.00616225471151 0.002985 288.0
0.0110332100632 0.00141130279461 0.002985 297.0
0.0224809222202 0.00275881076752 0.002985 306.0
0.0476493458332 0.00589359961753 0.002985 315.0
0.0231906665079 0.0029706345574 0.002985 324.0
0.0231242662801 0.00288502126541 0.002985 333.0
0.0468178876907 0.00605582827045 0.002985 342.0
0.0311250785017 0.00391001858811 0.002985 351.0
0.0171385643399 0.00210721482852 0.003 0.0
0.0450437417143 0.00575714649939 0.003 9.0
0.0468595239448 0.00581587324217 0.003 18.0
0.0226127927621 0.00290847675435 0.003 27.0
0.0234140337577 0.00293437521104 0.003 36.0
0.0469451663773 0.00587190209146 0.003 45.0
0.0223368341811 0.00291105458192 0.003 54.0
0.0110303523503 0.00138504024124 0.003 63.0
0.0494060064838 0.00631864720112 0.003 72.0
0.0470722064958 0.00586219284306 0.003 81.0
0.00849970930163 0.00104893595864 0.003 90.0
0.044708618199 0.00576588439839 0.003 99.0
0.0473083560231 0.00593315036674 0.003 108.0
0.0189066597651 0.00245829107375 0.003 117.0
0.0138127282905 0.00172877933763 0.003 126.0
0.0220209214581 0.00273656835541 0.003 135.0
0.022948703789 0.00294212491225 0.003 144.0
0.0228256449987 0.0028501608216 0.003 153.0
0.0465367285138 0.00602429360567 0.003 162.0
0.0453329531756 0.00570386956217 0.003 171.0
0.0129549221491 0.00161596768028 0.003 180.0
0.0279805041193 0.00360354870347 0.003 189.0
0.0504099675118 0.00623066767587 0.003 198.0
0.022827321866 0.00293623427814 0.003 207.0
0.0230857836359 0.00289318217752 0.003 216.0
0.0467687259845 0.0058499264488 0.003 225.0
0.0223296752598 0.00290968019593 0.003 234.0
0.0111305225281 0.00139790349369 0.003 243.0
0.0267498044757 0.00345537278662 0.003 252.0
0.0451307868899 0.00562191672434 0.003 261.0
0.021730471694 0.00270102180296 0.003 270.0
0.0467751538375 0.00603086318403 0.003 279.0
0.0469155151612 0.00588313502577 0.003 288.0
0.0189077411059 0.00245832870275 0.003 297.0
0.0137974644201 0.00172672848872 0.003 306.0
0.0305906990945 0.00378345889716 0.003 315.0
0.0230255195765 0.00295191831567 0.003 324.0
0.0228228452088 0.00284981586047 0.003 333.0
0.0463586246447 0.00600104010122 0.003 342.0
0.041462674438 0.00521280367832 0.003 351.0
0.0130685723293 0.00161823855224 0.003015 0.0
0.0458846856587 0.00586170018738 0.003015 9.0
0.0468604508919 0.00581519776328 0.003015 18.0
0.0226128486854 0.00290790981366 0.003015 27.0
0.0234139353377 0.00293352477637 0.003015 36.0
0.0469449712827 0.00586836369112 0.003015 45.0
0.0223366193975 0.00290857008435 0.003015 54.0
0.0110188780577 0.00138214015983 0.003015 63.0
0.0495718073191 0.0063335449497 0.003015 72.0
0.0471116681664 0.00586195013323 0.003015 81.0
0.00802668471941 0.00100119391794 0.003015 90.0
0.0464378484514 0.00598685173332 0.003015 99.0
0.0497342936796 0.00625346458174 0.003015 108.0
0.0110170803089 0.00140946965379 0.003015 117.0
0.0224798189718 0.00275897052401 0.003015 126.0
0.0470496566474 0.0058206357104 0.003015 135.0
0.0231951438198 0.00297109945559 0.003015 144.0
0.0231236576572 0.00288464546153 0.003015 153.0
0.0468173953295 0.00605479698449 0.003015 162.0
0.0311154763265 0.00390812859537 0.003015 171.0
0.0129844465027 0.00160797024708 0.003015 180.0
0.0458709710625 0.00586024754342 0.003015 189.0
0.0468528895857 0.00581443662497 0.003015 198.0
0.0226134532635 0.00290790495352 0.003015 207.0
0.0234386198416 0.00293661447225 0.003015 216.0
0.0461190352524 0.00576376357784 0.003015 225.0
0.0115212210637 0.00148771835185 0.003015 234.0
0.0190799170211 0.00235005120109 0.003015 243.0
0.047453464542 0.00607926109559 0.003015 252.0
0.0466421027947 0.00580417830276 0.003015 261.0
0.0217257454267 0.00269920518953 0.003015 270.0
0.0473776260477 0.00610707857665 0.003015 279.0
0.0490125615901 0.00616196230934 0.003015 288.0
0.0110331865665 0.00141129994145 0.003015 297.0
0.0224809425993 0.00275881476851 0.003015 306.0
0.0476493481947 0.00589351079903 0.003015 315.0
0.0231905499492 0.00297049195244 0.003015 324.0
0.0231242868817 0.00288471121201 0.003015 333.0
0.046817719799 0.00605496366424 0.003015 342.0
0.0311250254937 0.00390931728468 0.003015 351.0
0.0130686405241 0.00161809554441 0.00303 0.0
0.0458846249937 0.00586139198563 0.00303 9.0
0.0468603018047 0.00581504987557 0.00303 18.0
0.022612767498 0.00290790950898 0.00303 27.0
0.0234138892959 0.00293354406147 0.00303 36.0
0.0469449421704 0.0058683489718 0.00303 45.0
0.0223365913433 0.00290851582909 0.00303 54.0
0.0110188221481 0.00138202446466 0.00303 63.0
0.0495738373359 0.00633334036149 0.00303 72.0
0.0471230731723 0.00586290857803 0.00303 81.0
0.00801722684096 0.000999731754004 0.00303 90.0
0.0464273108216 0.00598519521925 0.00303 99.0
0.0497342512001 0.00625341640402 0.00303 108.0
0.0110170966602 0.00140948933418 0.00303 117.0
0.0224798429986 0.00275899777411 0.00303 126.0
0.0470496169909 0.00582060619599 0.00303 135.0
0.0231951832985 0.00297099599746 0.00303 144.0
0.0231236830738 0.00288447521361 0.00303 153.0
0.0468173630327 0.00605426720172 0.00303 162.0
0.0311154989622 0.0039077590703 0.00303 171.0
0.0129844817991 0.00160785060365 0.00303 180.0
0.0458709971311 0.00585985896755 0.00303 189.0
0.0468527959538 0.00581425973108 0.00303 198.0
0.0226135273787 0.00290786414645 0.00303 207.0
0.0234385768838 0.00293663463413 0.00303 216.0
0.0461189710276 0.00576374620879 0.00303 225.0
0.0115211947128 0.00148765452047 0.00303 234.0
0.0190799067187 0.00234987582973 0.00303 243.0
0.0474533758936 0.00607876832845 0.00303 252.0
0.0466421739263 0.00580365384034 0.00303 261.0
0.0217256355745 0.00269910481075 0.00303 270.0
0.0473775023275 0.00610668581418 0.00303 279.0
0.0490126123525 0.00616190290157 0.00303 288.0
0.0110332181432 0.00141128820429 0.00303 297.0
0.0224809609972 0.00275883693244 0.00303 306.0
0.047649239066 0.00589349968794 0.00303 315.0
0.0231905543846 0.00297042821946 0.00303 324.0
0.0231242942764 0.00288453987632 0.00303 333.0
0.0468178074724 0.00605441803552 0.00303 342.0
0.0311251111869 0.00390900136493 0.00303 351.0
0.0130685430263 0.00161786840041 0.003045 0.0
0.0458845158934 0.00586089732782 0.003045 9.0
0.0468604133795 0.00581486562425 0.003045 18.0
0.0226127382275 0.00290794866696 0.003045 27.0
0.0234138537587 0.00293358465777 0.003045 36.0
0.0469448932596 0.00586840618533 0.003045 45.0
0.0223365560471 0.00290833929853 0.003045 54.0
0.011018818616 0.00138189826922 0.003045 63.0
0.0495752425285 0.00633262110105 0.003045 72.0
0.0468451163375 0.00582798067166 0.003045 81.0
0.00806363232663 0.00100531204089 0.003045 90.0
0.0462167728738 0.00595757892791 0.003045 99.0
0.0497314861743 0.00625286336688 0.003045 108.0
0.0110171234379 0.00140950699734 0.003045 117.0
0.0224798416116 0.00275908520012 0.003045 126.0
0.0470496203168 0.00582056110905 0.003045 135.0
0.0231952087573 0.00297080396311 0.003045 144.0
0.0231236594242 0.00288421937472 0.003045 153.0
0.0468173428434 0.00605358573233 0.003045 162.0
0.0311154971975 0.00390719552945 0.003045 171.0
0.0129844609868 0.00160762661234 0.003045 180.0
0.0458710393858 0.00585942335133 0.003045 189.0
0.0468528022096 0.00581408398469 0.003045 198.0
0.0226135154161 0.00290789655099 0.003045 207.0
0.0234385553942 0.00293667784236 0.003045 216.0
0.0461190313068 0.0057637302692 0.003045 225.0
0.0115212652952 0.00148760121198 0.003045 234.0
0.0190799147101 0.00234970263088 0.003045 243.0
0.0474535174115 0.00607799683709 0.003045 252.0
0.0466421716889 0.005802742287 0.003045 261.0
0.0217256483029 0.00269880311311 0.003045 270.0
0.0473775035748 0.00610627009293 0.003045 279.0
0.0490125205338 0.00616168110386 0.003045 288.0
0.0110331902448 0.00141127478327 0.003045 297.0
0.0224809665198 0.00275891077406 0.003045 306.0
0.0476492834167 0.00589349407657 0.003045 315.0
0.0231905349641 0.00297026093011 0.003045 324.0
0.0231242987863 0.00288430853976 0.003045 333.0
0.0468177410878 0.00605368413368 0.003045 342.0
0.0311250189812 0.00390831573859 0.003045 351.0
0.0130685166629 0.00161802216172 0.00306 0.0
0.045884398439 0.00586098989411 0.00306 9.0
0.046860267723 0.00581458612524 0.00306 18.0
0.0226126817811 0.00290765992469 0.00306 27.0
0.0234139015573 0.00293308656539 0.00306 36.0
0.0469448214058 0.00586754841831 0.00306 45.0
0.022336499493 0.00290799825684 0.00306 54.0
0.0110188639462 0.00138189198794 0.00306 63.0
0.0495480236049 0.0063295126829 0.00306 72.0
0.0477476606546 0.00594065543477 0.00306 81.0
0.00791371120973 0.000986261696199 0.00306 90.0
0.046608382726 0.00600801025881 0.00306 99.0
0.0497537532688 0.0062551498376 0.00306 108.0
0.0110170897987 0.00140928219822 0.00306 117.0
0.0223591033575 0.00274334618065 0.00306 126.0
0.0470496288651 0.00581990178145 0.00306 135.0
0.0231951515323 0.00297057173044 0.00306 144.0
0.0231236630571 0.00288416649887 0.00306 153.0
0.0468172734333 0.00605395302984 0.00306 162.0
0.0311155176602 0.00390750175791 0.00306 171.0
0.0129844993325 0.00160779384361 0.00306 180.0
0.0458709838907 0.00585950953915 0.00306 189.0
0.0468528884402 0.00581375286209 0.00306 198.0
0.0226133661173 0.0029076413444 0.00306 207.0
0.0234385322913 0.0029362355721 0.00306 216.0
0.046118898251 0.0057629865998 0.00306 225.0
0.0115212975373 0.0014875323898 0.00306 234.0
0.0190798669308 0.00234969068688 0.00306 243.0
0.047453462439 0.00607831629839 0.00306 252.0
0.0466419875476 0.00580330388367 0.00306 261.0
0.0217256948856 0.00269894230717 0.00306 270.0
0.0473774442623 0.00610637651507 0.00306 279.0
0.0490123852865 0.00616133444825 0.00306 288.0
0.0110331973351 0.0014111191399 0.00306 297.0
0.0223597225409 0.002743123852 0.00306 306.0
0.0476491116267 0.005892731933 0.00306 315.0
0.0231905161732 0.00296994077665 0.00306 324.0
0.023124250872 0.00288423191014 0.00306 333.0
0.0468177172421 0.00605399375058 0.00306 342.0
0.0311250650351 0.00390869439813 0.00306 351.0
0.0130684290709 0.0016176241208 0.003075 0.0
0.0458845000971 0.00586080704949 0.003075 9.0
0.0468604947813 0.00581539611305 0.003075 18.0
0.0226144770045 0.00290842958443 0.003075 27.0
0.0234407745015 0.00293715309923 0.003075 36.0
0.0461295677141 0.00576462156993 0.003075 45.0
0.0115217828316 0.00148752009148 0.003075 54.0
0.0190884429594 0.00235021606999 0.003075 63.0
0.0476266715108 0.00609857936032 0.003075 72.0
0.0474169364568 0.00589786103131 0.003075 81.0
0.00766111925523 0.000952781294586 0.003075 90.0
0.045657699217 0.00588542822535 0.003075 99.0
0.0490162539521 0.00616330222646 0.003075 108.0
0.0110327309156 0.00141147497913 0.003075 117.0
0.0223685808995 0.0027449593002 0.003075 126.0
0.047049552543 0.00582030302499 0.003075 135.0
0.023195122583 0.00297027773113 0.003075 144.0
0.0231236687594 0.002883518684 0.003075 153.0
0.046817221445 0.00605189556721 0.003075 162.0
0.0311155695283 0.00390626150841 0.003075 171.0
0.0129845734578 0.00160744833945 0.003075 180.0
0.0458709918362 0.00585937959457 0.003075 189.0
0.0468528259424 0.00581456407456 0.003075 198.0
0.0226134619237 0.00290820615483 0.003075 207.0
0.0234385466188 0.00293683345566 0.003075 216.0
0.0461189281949 0.0057633974487 0.003075 225.0
0.0115212724028 0.00148732630921 0.003075 234.0
0.0190798545876 0.00234904741999 0.003075 243.0
0.0474533046778 0.0060763161356 0.003075 252.0
0.0466420076654 0.00580136296246 0.003075 261.0
0.02172560306 0.00269838613048 0.003075 270.0
0.0473774537605 0.00610616216021 0.003075 279.0
0.0490124322629 0.00616210307284 0.003075 288.0
0.0110332210651 0.00141139434335 0.003075 297.0
0.0223598032934 0.00274368519635 0.003075 306.0
0.0476491497394 0.0058932315928 0.003075 315.0
0.0231905689803 0.00296968576106 0.003075 324.0
0.0231241773615 0.00288343873322 0.003075 333.0
0.0468176757002 0.00605194722409 0.003075 342.0
0.0311249174555 0.00390735954482 0.003075 351.0
0.0130683591698 0.00161748391609 0.00309 0.0
0.0458843642899 0.0058604739508 0.00309 9.0
0.0468603807095 0.00581530220319 0.00309 18.0
0.0226144263084 0.00290836745063 0.00309 27.0
0.0234407117107 0.00293719689812 0.00309 36.0
0.0461295192007 0.00576461521273 0.00309 45.0
0.0115217877815 0.0014874611651 0.00309 54.0
0.0190884303 0.00235005615351 0.00309 63.0
0.0476238514616 0.00609778736259 0.00309 72.0
0.0474013343859 0.0058955487971 0.00309 81.0
0.0076915114725 0.000956472540066 0.00309 90.0
0.0456576821796 0.00588520831818 0.00309 99.0
0.0490161882969 0.00616317970825 0.00309 108.0
0.0110327572132 0.00141149166101 0.00309 117.0
0.0223685406101 0.00274499467621 0.00309 126.0
0.0470495492316 0.00582028929776 0.00309 135.0
0.0231950457344 0.00297020536805 0.00309 144.0
0.0231237037016 0.00288329093709 0.00309 153.0
0.0468172929609 0.0060514626956 0.00309 162.0
0.0311154662151 0.00390594163202 0.00309 171.0
0.0129845132056 0.00160733750437 0.00309 180.0
0.045870864603 0.00585902399297 0.00309 189.0
0.0468527772572 0.00581444628192 0.00309 198.0
0.0226134334992 0.00290824192566 0.00309 207.0
0.0234385561366 0.00293685778754 0.00309 216.0
0.0461188962056 0.00576338532391 0.00309 225.0
0.0115212394922 0.0014873012561 0.00309 234.0
0.0190799413388 0.00234891546333 0.00309 243.0
0.0474533415555 0.00607587941318 0.00309 252.0
0.0466420654672 0.00580092300519 0.00309 261.0
0.0217255525606 0.00269818974208 0.00309 270.0
0.0473773974452 0.00610595475341 0.00309 279.0
0.0490123665529 0.00616205190809 0.00309 288.0
0.0110332191381 0.00141143621965 0.00309 297.0
0.0223597438751 0.00274372855706 0.00309 306.0
0.0476490668749 0.00589320475798 0.00309 315.0
0.0231905073745 0.00296959336939 0.00309 324.0
0.023124194804 0.0028833468067 0.00309 333.0
0.0468174873558 0.00605155982705 0.00309 342.0
0.0311248354403 0.00390707380179 0.00309 351.0
0.0130684197503 0.00161738075662 0.003105 0.0
0.0458843491833 0.00586024128337 0.003105 9.0
0.0468602592896 0.00581515623207 0.003105 18.0
0.0226144233231 0.00290837975741 0.003105 27.0
0.0234406352313 0.0029372182617 0.003105 36.0
0.0461295051935 0.0057646415979 0.003105 45.0
0.0115217902064 0.00148742369292 0.003105 54.0
0.0190884944824 0.0023499192772 0.003105 63.0
0.0476231398391 0.00609728746735 0.003105 72.0
0.047391576823 0.00589370968571 0.003105 81.0
0.00771815930466 0.000959637287678 0.003105 90.0
0.0456577677265 0.00588496268486 0.003105 99.0
0.0490162399228 0.00616305845252 0.003105 108.0
0.0110327077192 0.00141148931688 0.003105 117.0
0.0223685407262 0.00274504303314 0.003105 126.0
0.0470494839129 0.00582026263421 0.003105 135.0
0.0231950180513 0.00297008304669 0.003105 144.0
0.0231236682742 0.00288309687133 0.003105 153.0
0.0468172789638 0.00605091648947 0.003105 162.0
0.0311154922442 0.00390561195461 0.003105 171.0
0.0129843739402 0.00160715544419 0.003105 180.0
0.0458708130014 0.00585881405954 0.003105 189.0
0.0468528876942 0.0058143663382 0.003105 198.0
0.0226134666024 0.00290821768684 0.003105 207.0
0.0234385103163 0.00293686832549 0.003105 216.0
0.0461188254671 0.00576334897271 0.003105 225.0
0.0115212280287 0.00148728746595 0.003105 234.0
0.0190799242247 0.0023487699306 0.003105 243.0
0.0474533338002 0.00607534400811 0.003105 252.0
0.0466420206826 0.00580040509324 0.003105 261.0
0.0217255939261 0.00269795383572 0.003105 270.0
0.0473773061317 0.00610556377938 0.003105 279.0
0.0490122699175 0.00616187730903 0.003105 288.0
0.0110332174133 0.00141141994685 0.003105 297.0
0.0223597428045 0.00274375728256 0.003105 306.0
0.0476490727736 0.00589321442369 0.003105 315.0
0.0231905496174 0.0029695017847 0.003105 324.0
0.0231242021048 0.00288318550924 0.003105 333.0
0.0468175495339 0.00605106200323 0.003105 342.0
0.031124966071 0.00390672795984 0.003105 351.0
0.0130683988909 0.00161739549247 0.00312 0.0
0.0458842736817 0.00586024523831 0.00312 9.0
0.0468602238701 0.00581519346188 0.00312 18.0
0.0226144139229 0.00290834550535 0.00312 27.0
0.0234406053978 0.00293717602212 0.00312 36.0
0.0461294521852 0.00576457627872 0.00312 45.0
0.0115217776247 0.00148739378785 0.00312 54.0
0.0190883910171 0.00234993371937 0.00312 63.0
0.0476214209659 0.00609706870165 0.00312 72.0
0.0473768890065 0.0058920539445 0.00312 81.0
0.00804791622765 0.00100254001737 0.00312 90.0
0.0466265324584 0.006009748233 0.00312 99.0
0.049016158359 0.00616303221269 0.00312 108.0
0.0110327066319 0.00141146326971 0.00312 117.0
0.0223685011429 0.00274499267054 0.00312 126.0
0.0470494686616 0.00582018482658 0.00312 135.0
0.0231950060833 0.002970086218 0.00312 144.0
0.0231236633373 0.00288312828662 0.00312 153.0
0.0468172908096 0.00605107997914 0.00312 162.0
0.0311154624801 0.00390571374491 0.00312 171.0
0.0129844344011 0.00160720753506 0.00312 180.0
0.0458708278371 0.00585885829646 0.00312 189.0
0.0468528806884 0.00581436537817 0.00312 198.0
0.0226134635388 0.00290819543442 0.00312 207.0
0.0234385174993 0.00293685546395 0.00312 216.0
0.0461188118948 0.00576328426345 0.00312 225.0
0.0115212393294 0.0014872923008 0.00312 234.0
0.0190799285367 0.00234877341852 0.00312 243.0
0.0474533164819 0.00607549912679 0.00312 252.0
0.0466420298785 0.00580054167754 0.00312 261.0
0.0217256426337 0.00269804191035 0.00312 270.0
0.0473773077709 0.00610564577215 0.00312 279.0
0.0490122605353 0.00616190775018 0.00312 288.0
0.0110331991761 0.00141139777824 0.00312 297.0
0.0223597205296 0.00274369559431 0.00312 306.0
0.0476489928983 0.00589314440186 0.00312 315.0
0.0231905199164 0.00296949660771 0.00312 324.0
0.0231241430935 0.00288320747662 0.00312 333.0
0.0468174439185 0.00605117642948 0.00312 342.0
0.0311249192689 0.00390687057821 0.00312 351.0
0.0130683766356 0.00161725528405 0.003135 0.0
0.0458841445963 0.00585997320703 0.003135 9.0
0.0468601782328 0.00581507268995 0.003135 18.0
0.0226143910361 0.00290835845951 0.003135 27.0
0.0234405643899 0.00293719355573 0.003135 36.0
0.046129415791 0.00576460937765 0.003135 45.0
0.01152178341 0.00148738404618 0.003135 54.0
0.0190882954296 0.00234975137143 0.003135 63.0
0.0476172375041 0.0060961396119 0.003135 72.0
0.0473502218268 0.00588821065475 0.003135 81.0
0.00806962776028 0.00100498590868 0.003135 90.0
0.0465950474108 0.00600542734081 0.003135 99.0
0.0490162084187 0.00616290609393 0.003135 108.0
0.011032731992 0.00141150175939 0.003135 117.0
0.0223684957804 0.00274499385232 0.003135 126.0
0.0470493913416 0.00582017526826 0.003135 135.0
0.0231949780081 0.00297002931794 0.003135 144.0
0.0231235590472 0.0028829932382 0.003135 153.0
0.0468172934837 0.00605065602024 0.003135 162.0
0.0311154861953 0.00390529990605 0.003135 171.0
0.0129843555434 0.00160701816096 0.003135 180.0
0.0458708915146 0.0058585111152 0.003135 189.0
0.0468528694138 0.00581418922756 0.003135 198.0
0.0226134844541 0.00290821438916 0.003135 207.0
0.0234384803311 0.00293685262753 0.003135 216.0
0.0461188259338 0.00576327546652 0.003135 225.0
0.011521248498 0.00148724980932 0.003135 234.0
0.0190798551253 0.002348756481 0.003135 243.0
0.0474534463735 0.00607503098703 0.003135 252.0
0.0466419140705 0.00580001321301 0.003135 261.0
0.0217256022866 0.00269784900679 0.003135 270.0
0.0473773064353 0.00610531376253 0.003135 279.0
0.0490123237434 0.00616171436846 0.003135 288.0
0.0110332272788 0.00141141860578 0.003135 297.0
0.022359727164 0.00274375770993 0.003135 306.0
0.0476489411768 0.00589315158505 0.003135 315.0
0.0231904668635 0.00296945224202 0.003135 324.0
0.0231240576612 0.00288306576614 0.003135 333.0
0.0468174199021 0.00605070172251 0.003135 342.0
0.0311247938513 0.0039063942148 0.003135 351.0
0.0130684364496 0.00161704914375 0.00315 0.0
0.0458840947571 0.00585942447784 0.00315 9.0
0.0468601766812 0.00581485271399 0.00315 18.0
0.0226144421456 0.00290837907922 0.00315 27.0
0.0234405092615 0.00293728425838 0.00315 36.0
0.0461293856389 0.00576467304428 0.00315 45.0
0.0115217899228 0.00148729421554 0.00315 54.0
0.0190882295781 0.00234945200847 0.00315 63.0
0.0476139015591 0.00609484210515 0.00315 72.0
0.0473250896375 0.00588424158604 0.00315 81.0
0.00779725685733 0.00096922865641 0.00315 90.0
0.0456576472594 0.00588416009979 0.00315 99.0
0.0490160739685 0.00616273576915 0.00315 108.0
0.0110327018982 0.00141156105877 0.00315 117.0
0.022368445728 0.00274509254365 0.00315 126.0
0.0470493886766 0.00582020118444 0.00315 135.0
0.0231949636563 0.00296995749444 0.00315 144.0
0.0231235074711 0.00288264829552 0.00315 153.0
0.0468171659315 0.00604987942163 0.00315 162.0
0.0311154685481 0.00390482314998 0.00315 171.0
0.0129843464362 0.00160681603007 0.00315 180.0
0.0458708963109 0.00585805737776 0.00315 189.0
0.0468528791905 0.00581402269993 0.00315 198.0
0.0226133976231 0.00290824126304 0.00315 207.0
0.0234384210044 0.00293696037088 0.00315 216.0
0.0461187810007 0.00576334852999 0.00315 225.0
0.0115212380179 0.00148718832107 0.00315 234.0
0.0190799214621 0.00234858068041 0.00315 243.0
0.0474533523394 0.00607422528489 0.00315 252.0
0.0466419256205 0.00579914480456 0.00315 261.0
0.0217255245016 0.00269750879161 0.00315 270.0
0.0473773188098 0.00610486652659 0.00315 279.0
0.0490121844644 0.00616157170467 0.00315 288.0
0.0110332321632 0.00141149873562 0.00315 297.0
0.022359768424 0.00274383833327 0.00315 306.0
0.0476489530686 0.00589322566903 0.00315 315.0
0.0231904814128 0.00296931264406 0.00315 324.0
0.0231240181695 0.00288269478085 0.00315 333.0
0.0468172920142 0.00604988433043 0.00315 342.0
0.0311247884177 0.00390594602815 0.00315 351.0
0.0130684233338 0.00161692785883 0.003165 0.0
0.0458841707775 0.00585918609936 0.003165 9.0
0.0468601786599 0.00581474824834 0.003165 18.0
0.0226144871919 0.00290841867328 0.003165 27.0
0.0234404992576 0.00293730362812 0.003165 36.0
0.0461293134153 0.0057646848004 0.003165 45.0
0.0115217205736 0.00148725934437 0.003165 54.0
0.0190883122896 0.00234942819288 0.003165 63.0
0.0476261782317 0.00609604013633 0.003165 72.0
0.0471881724604 0.0058665244684 0.003165 81.0
0.00782753037986 0.000972816789222 0.003165 90.0
0.0456575802126 0.00588399980546 0.003165 99.0
0.049016053936 0.00616264794524 0.003165 108.0
0.0110327048052 0.00141155448332 0.003165 117.0
0.022368461851 0.00274509779288 0.003165 126.0
0.0470493680057 0.00582016689113 0.003165 135.0
0.0231950137178 0.00296986348625 0.003165 144.0
0.023123518842 0.00288254930312 0.003165 153.0
0.0468171491693 0.00604947431787 0.003165 162.0
0.0311154351111 0.00390452095275 0.003165 171.0
0.0129843669427 0.00160676391839 0.003165 180.0
0.0458709292487 0.00585784678251 0.003165 189.0
0.0468527842392 0.00581395450811 0.003165 198.0
0.0226133787712 0.00290823455879 0.003165 207.0
0.0234384068566 0.00293692113167 0.003165 216.0
0.0461187666622 0.00576335218944 0.003165 225.0
0.0115212475066 0.00148716584229 0.003165 234.0
0.0190799358146 0.00234845391985 0.003165 243.0
0.0474532735568 0.00607388515282 0.003165 252.0
0.0466419769149 0.00579870215176 0.003165 261.0
0.0217254152038 0.00269730264654 0.003165 270.0
0.0473772944688 0.00610458273716 0.003165 279.0
0.0490121884007 0.00616147089935 0.003165 288.0
0.0110332042359 0.00141150356779 0.003165 297.0
0.0223597396465 0.00274387529735 0.003165 306.0
0.047648866977 0.00589321146403 0.003165 315.0
0.0231904649575 0.00296924029989 0.003165 324.0
0.0231240532008 0.00288262492467 0.003165 333.0
0.0468172455852 0.00604953092442 0.003165 342.0
0.0311248715321 0.00390565098885 0.003165 351.0
0.013068432479 0.00161683772716 0.00318 0.0
0.0458841230726 0.00585896091937 0.00318 9.0
0.04686016077 0.00581466549685 0.00318 18.0
0.0226144677379 0.00290841236891 0.00318 27.0
0.0234404866005 0.00293733707196 0.00318 36.0
0.046129294416 0.00576468148316 0.00318 45.0
0.011521665539 0.00148724029421 0.00318 54.0
0.0190882689924 0.00234932820992 0.00318 63.0
0.0476261762608 0.00609578014403 0.00318 72.0
0.0473570668037 0.00588731036339 0.00318 81.0
0.0078610818863 0.000977004167526 0.00318 90.0
0.045657587046 0.00588381411058 0.00318 99.0
0.0490161083267 0.00616256795298 0.00318 108.0
0.0110326822599 0.00141156061844 0.00318 117.0
0.0223684537364 0.00274510036851 0.00318 126.0
0.0470493426486 0.00582017311342 0.00318 135.0
0.023195018283 0.00296979583175 0.00318 144.0
0.023123561527 0.00288247028938 0.00318 153.0
0.046817096564 0.00604918395209 0.00318 162.0
0.0311154303007 0.00390420820233 0.00318 171.0
0.0129844096302 0.00160665635893 0.00318 180.0
0.0458708107263 0.00585761458361 0.00318 189.0
0.0468527017196 0.00581386208044 0.00318 198.0
0.02261333119 0.00290824093657 0.00318 207.0
0.0234384104969 0.00293690772337 0.00318 216.0
0.046118750422 0.00576328684358 0.00318 225.0
0.0115212483004 0.0014871248183 0.00318 234.0
0.0190799349259 0.00234834985369 0.00318 243.0
0.0474530927333 0.00607354313105 0.00318 252.0
0.0466419662644 0.00579838213508 0.00318 261.0
0.0217254648745 0.0026972339899 0.00318 270.0
0.0473771397053 0.00610438391763 0.00318 279.0
0.0490121881861 0.00616132801685 0.00318 288.0
0.0110331952689 0.00141149263143 0.00318 297.0
0.0223596978845 0.00274387215765 0.00318 306.0
0.0476488501868 0.00589322708672 0.00318 315.0
0.0231904514684 0.00296916962935 0.00318 324.0
0.0231240042803 0.00288254554752 0.00318 333.0
0.0468172050343 0.00604919878802 0.00318 342.0
0.0311247853231 0.00390537791941 0.00318 351.0
0.0130684041331 0.00161673422579 0.003195 0.0
0.0458839823135 0.00585878507621 0.003195 9.0
0.0468600665871 0.00581451769672 0.003195 18.0
0.0226144275336 0.00290838536653 0.003195 27.0
0.0234404821488 0.00293736179654 0.003195 36.0
0.0461292571171 0.00576462671234 0.003195 45.0
0.0115216619578 0.00148720765674 0.003195 54.0
0.0190881688832 0.00234923126073 0.003195 63.0
0.0476256367027 0.00609531349469 0.003195 72.0
0.0473361166704 0.00588457944039 0.003195 81.0
0.00789084078254 0.000980590994003 0.003195 90.0
0.0464565488789 0.00598657559147 0.003195 99.0
0.0490160550202 0.00616242739261 0.003195 108.0
0.0110326534328 0.00141157391259 0.003195 117.0
0.0223684183189 0.00274512540064 0.003195 126.0
0.04704934147 0.00582016689445 0.003195 135.0
0.0231950307633 0.00296969800685 0.003195 144.0
0.0231235272552 0.00288229805961 0.003195 153.0
0.0468171600933 0.00604883324462 0.003195 162.0
0.0311154036623 0.00390401591684 0.003195 171.0
0.0129843670044 0.00160660209224 0.003195 180.0
0.0458707479929 0.00585736643028 0.003195 189.0
0.0468526890057 0.00581372846827 0.003195 198.0
0.0226132929121 0.00290826013674 0.003195 207.0
0.0234384383079 0.00293688487986 0.003195 216.0
0.0461186977861 0.0057632535195 0.003195 225.0
0.0115212100264 0.0014870856893 0.003195 234.0
0.0190799080688 0.00234826400774 0.003195 243.0
0.0474530740213 0.00607325702181 0.003195 252.0
0.0466417396333 0.00579812354582 0.003195 261.0
0.0217254348975 0.00269704036639 0.003195 270.0
0.0473771062311 0.00610420909837 0.003195 279.0
0.0490120911901 0.00616123150192 0.003195 288.0
0.0110331757112 0.00141150886194 0.003195 297.0
0.0223596717136 0.00274386655807 0.003195 306.0
0.0476488198201 0.00589319063991 0.003195 315.0
0.023190460274 0.00296910816499 0.003195 324.0
0.0231239632373 0.00288241921197 0.003195 333.0
0.0468171690362 0.00604897269348 0.003195 342.0
0.0311246933432 0.00390520962703 0.003195 351.0
0.0130684041508 0.00161663107791 0.00321 0.0
0.0458839468131 0.00585859692082 0.00321 9.0
0.0468599497258 0.00581441259993 0.00321 18.0
0.0226144004862 0.00290842870016 0.00321 27.0
0.0234405047049 0.00293734275283 0.00321 36.0
0.0461291823828 0.00576461280888 0.00321 45.0
0.0115216334841 0.00148719652516 0.00321 54.0
0.0190881783267 0.00234908489074 0.00321 63.0
0.0476253526583 0.00609504139071 0.00321 72.0
0.0473337294198 0.00588386569853 0.00321 81.0
0.00792618966354 0.000984853156649 0.00321 90.0
0.0464714272893 0.0059882607564 0.00321 99.0
0.0490161234285 0.00616236699215 0.00321 108.0
0.0110326357327 0.00141155995922 0.00321 117.0
0.0223684281689 0.00274515350074 0.00321 126.0
0.0470492936197 0.0058201329466 0.00321 135.0
0.0231950382587 0.00296963074425 0.00321 144.0
0.0231235609256 0.00288222779274 0.00321 153.0
0.0468171924006 0.00604850288283 0.00321 162.0
0.031115328595 0.00390381346025 0.00321 171.0
0.0129844561774 0.00160652964531 0.00321 180.0
0.0458708355157 0.00585722139919 0.00321 189.0
0.0468527197448 0.00581365164385 0.00321 198.0
0.0226132653277 0.00290828593013 0.00321 207.0
0.0234384220521 0.00293687437919 0.00321 216.0
0.0461187419519 0.00576320115713 0.00321 225.0
0.011521218039 0.00148707502249 0.00321 234.0