720 2 5 2 20
0.0190798716592 0.00234817871507 0.00321 243.0
0.0474531402968 0.00607294965211 0.00321 252.0
0.0466419551977 0.00579769651522 0.00321 261.0
0.0217254275613 0.00269694579798 0.00321 270.0
0.0473771521823 0.00610402981148 0.00321 279.0
0.0490121633311 0.00616119204768 0.00321 288.0
0.0110331852145 0.00141149689937 0.00321 297.0
0.022359697762 0.00274388208475 0.00321 306.0
0.0476488278607 0.00589318957749 0.00321 315.0
0.0231905041101 0.00296909350691 0.00321 324.0
0.0231240270829 0.00288230567271 0.00321 333.0
0.0468171304958 0.00604860924341 0.00321 342.0
0.0311246688852 0.00390507147894 0.00321 351.0
0.0130805986214 0.00162887018239 0.003225 0.0
0.0281238813589 0.00361804418379 0.003225 9.0
0.0501572079529 0.00619697696022 0.003225 18.0
0.022829319575 0.00293605411926 0.003225 27.0
0.0234674151037 0.00294082797698 0.003225 36.0
0.0473784312175 0.00592265291688 0.003225 45.0
0.0224700844836 0.00292468374917 0.003225 54.0
0.0111993931616 0.00140447750312 0.003225 63.0
0.0274611359875 0.0035406483835 0.003225 72.0
0.0449350170587 0.00558564977998 0.003225 81.0
0.0163219464221 0.00205638410552 0.003225 90.0
0.0487491589552 0.00627988800957 0.003225 99.0
0.031067213608 0.00389130421599 0.003225 108.0
0.0144902052943 0.001864047294 0.003225 117.0
0.0146002588876 0.00182783340689 0.003225 126.0
0.0224137281516 0.00278328986384 0.003225 135.0
0.0234808433756 0.00300712504667 0.003225 144.0
0.0232582535087 0.00289955896211 0.003225 153.0
0.0478735463894 0.00618576848004 0.003225 162.0
0.0326603337868 0.00409903491115 0.003225 171.0
0.014449124809 0.00179348665584 0.003225 180.0
0.0291971086411 0.00375731437248 0.003225 189.0
0.050096610148 0.00619056408741 0.003225 198.0
0.0228965543448 0.00294461652615 0.003225 207.0
0.0237482416393 0.00297612425573 0.003225 216.0
0.0473976891658 0.00592472324714 0.003225 225.0
0.0223353846158 0.00290708894524 0.003225 234.0
0.0111990369907 0.00140439217661 0.003225 243.0
0.027173140585 0.00350338782463 0.003225 252.0
0.0453566607462 0.00563764577529 0.003225 261.0
0.0228153618369 0.00283139017351 0.003225 270.0
0.0488830571099 0.00629673269271 0.003225 279.0
0.0476966246786 0.00597832352072 0.003225 288.0
0.0191785689212 0.00249298175796 0.003225 297.0
0.0138886734483 0.00173823238909 0.003225 306.0
0.0307682838701 0.00380404495161 0.003225 315.0
0.0232048981926 0.00297158365182 0.003225 324.0
0.0232845385466 0.00290314794241 0.003225 333.0
0.049515856485 0.00639873345381 0.003225 342.0
0.0478605581658 0.00601109260399 0.003225 351.0
0.0130805682772 0.0016287229971 0.00324 0.0
0.0281238881208 0.00361791244265 0.00324 9.0
0.050157154739 0.00619694584029 0.00324 18.0
0.0228293262164 0.00293608653141 0.00324 27.0
0.0234674031339 0.00294095186498 0.00324 36.0
0.0473783627301 0.00592288337327 0.00324 45.0
0.0224700678196 0.00292474273166 0.00324 54.0
0.0111994116927 0.00140445108993 0.00324 63.0
0.0274610776842 0.00354043675365 0.00324 72.0
0.0438645747124 0.00545096885086 0.00324 81.0
0.0158654718104 0.00200051903086 0.00324 90.0
0.0487492319015 0.00627979887358 0.00324 99.0
0.0310672286761 0.00389135238103 0.00324 108.0
0.014490170217 0.00186410584247 0.00324 117.0
0.0146001598609 0.00182793505507 0.00324 126.0
0.0224137174321 0.0027834458259 0.00324 135.0
0.0234808361424 0.00300714700708 0.00324 144.0
0.0232583184949 0.0028995245114 0.00324 153.0
0.0478735485392 0.00618525124925 0.00324 162.0
0.0326605734411 0.00409869598963 0.00324 171.0
0.0144490749466 0.00179329873368 0.00324 180.0
0.029197001041 0.00375719990692 0.00324 189.0
0.0500966084554 0.00619064524508 0.00324 198.0
0.0228966029811 0.00294470420236 0.00324 207.0
0.0237482041635 0.00297632197618 0.00324 216.0
0.047397619496 0.00592506716879 0.00324 225.0
0.0223353713462 0.00290715143479 0.00324 234.0
0.0111989694039 0.00140436451187 0.00324 243.0
0.0271730881878 0.00350319853906 0.00324 252.0
0.0453564780351 0.00563725480189 0.00324 261.0
0.0228152927804 0.00283119521063 0.00324 270.0
0.0488829302536 0.00629650766722 0.00324 279.0
0.0476965545496 0.00597841917879 0.00324 288.0
0.0191784556231 0.00249309745719 0.00324 297.0
0.0307681882025 0.00380422932406 0.00324 315.0
0.0232048157852 0.00297160701392 0.00324 324.0
0.0232845815176 0.00290309517445 0.00324 333.0
0.0495159267773 0.00639818952673 0.00324 342.0
0.0478606758529 0.00601052373774 0.00324 351.0
0.0132258711246 0.00164741071617 0.003255 0.0
0.0284295802424 0.00365827234534 0.003255 9.0
0.0501122694507 0.00619178713915 0.003255 18.0
0.0228330204418 0.00293659071459 0.003255 27.0
0.023467412391 0.00294097134318 0.003255 36.0
0.0112063885393 0.00140584136789 0.003255 63.0
0.0273088394557 0.00352231417057 0.003255 72.0
0.0451556363753 0.00561507740476 0.003255 81.0
0.0164637558893 0.00207227205002 0.003255 90.0
0.0490749410167 0.00632307881019 0.003255 99.0
0.0144389143254 0.00185757463617 0.003255 117.0
0.0146004437247 0.0018282536876 0.003255 126.0
0.022446514755 0.00278766625501 0.003255 135.0
0.0234843397684 0.00300792398875 0.003255 144.0
0.0232694025966 0.00290181762766 0.003255 153.0
0.0478710718995 0.00618754274434 0.003255 162.0
0.0326186732403 0.00409531158225 0.003255 171.0
0.0144572086533 0.00179479899525 0.003255 180.0
0.0291184543833 0.00374758208878 0.003255 189.0
0.050080312585 0.00618899255436 0.003255 198.0
0.0228966453102 0.00294471739986 0.003255 207.0
0.023748258279 0.00297636142447 0.003255 216.0
0.0473971355245 0.00592551133261 0.003255 225.0
0.0225720476067 0.00293880639723 0.003255 234.0
0.0112063454033 0.00140584443314 0.003255 243.0
0.0271683300431 0.00350407951156 0.003255 252.0
0.0455410125159 0.00566294426036 0.003255 261.0
0.022862961126 0.00283783986288 0.003255 270.0
0.0488625276974 0.00629518477762 0.003255 279.0
0.0476950524291 0.00597866351185 0.003255 288.0
0.0191796845545 0.00249324278221 0.003255 297.0
0.0139636689392 0.00174758320926 0.003255 306.0
0.0305000012626 0.00377191784874 0.003255 315.0
0.0232609971315 0.00297933144775 0.003255 324.0
0.0495303461452 0.00640284301 0.003255 342.0
0.0479941044402 0.00603103708806 0.003255 351.0
0.0132257507946 0.00164725687531 0.00327 0.0
0.0284296760842 0.00365806720356 0.00327 9.0
0.0501122034309 0.00619173592752 0.00327 18.0
0.0228330078021 0.00293658031422 0.00327 27.0
0.0234673776859 0.0029409738673 0.00327 36.0
0.0473778653766 0.00592308613507 0.00327 45.0
0.0227829276724 0.00296730769353 0.00327 54.0
0.0112066387278 0.00140576877375 0.00327 63.0
0.0271758245143 0.0035048482552 0.00327 72.0
0.044549395934 0.00553945578714 0.00327 81.0
0.0165352186537 0.00208232695791 0.00327 90.0
0.0490774374288 0.00632310557184 0.00327 99.0
0.0310267020802 0.00388649137449 0.00327 108.0
0.0144388594814 0.00185759998137 0.00327 117.0
0.0146003610946 0.0018282340731 0.00327 126.0
0.0224464822634 0.002787522344 0.00327 135.0
0.0234843033079 0.0030077247605 0.00327 144.0
0.0232694005811 0.00290141870231 0.00327 153.0
0.0478709655137 0.00618676891615 0.00327 162.0
0.0326186257738 0.00409466316302 0.00327 171.0
0.0144572147282 0.00179460772346 0.00327 180.0
0.0291183387007 0.0037474029797 0.00327 189.0
0.0500803687257 0.0061889626482 0.00327 198.0
0.0228965686201 0.00294468455736 0.00327 207.0
0.0237482475054 0.00297636256683 0.00327 216.0
0.0473970500816 0.00592529568213 0.00327 225.0
0.0225719758157 0.00293848893531 0.00327 234.0
0.0112063451619 0.00140560631364 0.00327 243.0
0.0271684054974 0.00350365383065 0.00327 252.0
0.0455409656607 0.00566219508067 0.00327 261.0
0.0228629988484 0.00283751032408 0.00327 270.0
0.0488625489235 0.00629490578968 0.00327 279.0
0.0476949299356 0.00597851464231 0.00327 288.0
0.0191796900496 0.00249324778634 0.00327 297.0
0.013963643122 0.00174757881852 0.00327 306.0
0.0305000507858 0.00377175646471 0.00327 315.0
0.023260977962 0.00297904574048 0.00327 324.0
0.0232845705263 0.00290378696126 0.00327 333.0
0.0495303500058 0.00640201046921 0.00327 342.0
0.0479941105546 0.00603026319611 0.00327 351.0
0.013225754505 0.00164735327285 0.003285 0.0
0.0284296630784 0.00365808079182 0.003285 9.0
0.0501121937528 0.00619171306101 0.003285 18.0
0.0228329997275 0.00293657387643 0.003285 27.0
0.0234673551556 0.00294096618189 0.003285 36.0
0.0473777892656 0.00592316080587 0.003285 45.0
0.0227829312532 0.00296732254974 0.003285 54.0
0.0112065874781 0.00140581150544 0.003285 63.0
0.0271758470604 0.00350492194327 0.003285 72.0
0.0449436597055 0.00558843311034 0.003285 81.0
0.0165670389438 0.00208526628308 0.003285 90.0
0.0490791439327 0.00632355231499 0.003285 99.0
0.0310266564874 0.00388649277564 0.003285 108.0
0.0144388541965 0.00185758267657 0.003285 117.0
0.0146003869899 0.00182823155762 0.003285 126.0
0.0224464913379 0.00278753591772 0.003285 135.0
0.023484256528 0.00300780048687 0.003285 144.0
0.0232693904913 0.00290155543527 0.003285 153.0
0.0478709430096 0.00618707061016 0.003285 162.0
0.0326186208008 0.00409490203524 0.003285 171.0
0.0144571946302 0.00179468555307 0.003285 180.0
0.0291183743042 0.00374742819096 0.003285 189.0
0.0500803749971 0.00618897301212 0.003285 198.0
0.0228965515148 0.00294466411275 0.003285 207.0
0.0237482144805 0.0029763491609 0.003285 216.0
0.047397035124 0.00592541608886 0.003285 225.0
0.022572035983 0.00293860202823 0.003285 234.0
0.0112063487553 0.00140568672219 0.003285 243.0
0.0271684399156 0.00350384422795 0.003285 252.0
0.0455407929041 0.00566246504403 0.003285 261.0
0.0228629977109 0.00283759684581 0.003285 270.0
0.048862480257 0.00629497704709 0.003285 279.0
0.047694957154 0.00597856223653 0.003285 288.0
0.0191796662875 0.00249326099413 0.003285 297.0
0.0139636312635 0.00174757220683 0.003285 306.0
0.0305000214785 0.00377182717748 0.003285 315.0
0.0232609322798 0.00297911866978 0.003285 324.0
0.0232845605437 0.00290389297288 0.003285 333.0
0.0495302656163 0.00640225917331 0.003285 342.0
0.0479940710921 0.00603055663965 0.003285 351.0
0.0132244170356 0.0016462075139 0.0033 0.0
0.0281196293506 0.00361696309942 0.0033 9.0
0.0501570404293 0.00619666856597 0.0033 18.0
0.0228292980882 0.00293607191771 0.0033 27.0
0.0234673026571 0.00294098978194 0.0033 36.0
0.0473782651582 0.0059222938794 0.0033 45.0
0.0227882986964 0.00296693285354 0.0033 54.0
0.0111960826165 0.00140351210873 0.0033 63.0
0.0274575188649 0.0035388233886 0.0033 72.0
0.044647973563 0.00554780089725 0.0033 81.0
0.0164689036572 0.00207451932031 0.0033 90.0
0.0489691904846 0.00630705379478 0.0033 99.0
0.0312775424639 0.00391801873275 0.0033 108.0
0.0145091039 0.00186637031643 0.0033 117.0
0.0145981330186 0.00182785485569 0.0033 126.0
0.0224720681798 0.00279019677283 0.0033 135.0
0.0235895744163 0.0030200146322 0.0033 144.0
0.0232626429408 0.00289908882018 0.0033 153.0
0.0478728477846 0.00618310581943 0.0033 162.0
0.0326646721234 0.00409788352572 0.0033 171.0
0.0144629850319 0.00179440972305 0.0033 180.0
0.0292107985246 0.0037583608866 0.0033 189.0
0.0500883507512 0.00618926998983 0.0033 198.0
0.0228966356385 0.00294474780827 0.0033 207.0
0.0237481863191 0.00297622659997 0.0033 216.0
0.0473977239759 0.00592440538337 0.0033 225.0
0.022580177622 0.00293859901413 0.0033 234.0
0.0111954834392 0.00140338406769 0.0033 243.0
0.0271625788369 0.00350057665941 0.0033 252.0
0.0457105761103 0.00567918420624 0.0033 261.0
0.0227918362535 0.00282752654401 0.0033 270.0
0.0488626305952 0.00629302749311 0.0033 279.0
0.0476971903192 0.00597812195301 0.0033 288.0
0.0191771488404 0.00249290376334 0.0033 297.0
0.0138902223467 0.00173853518669 0.0033 306.0
0.0308277019443 0.00381130020169 0.0033 315.0
0.0232044635484 0.00297091502904 0.0033 324.0
0.0232845820415 0.00290216823675 0.0033 333.0
0.0495300715735 0.00639785197413 0.0033 342.0
0.0479932620365 0.00602627646109 0.0033 351.0
0.0132245401814 0.0016465831049 0.003315 0.0
0.0281196047405 0.00361744921424 0.003315 9.0
0.0501569724653 0.0061970195382 0.003315 18.0
0.0228292552113 0.00293610414245 0.003315 27.0
0.0234673658785 0.00294084895632 0.003315 36.0
0.0473781338628 0.00592226689329 0.003315 45.0
0.0227869133936 0.00296695200612 0.003315 54.0
0.0111386874404 0.00139628643159 0.003315 63.0
0.0271640413668 0.00350168481435 0.003315 72.0
0.0443960718323 0.00551803658833 0.003315 81.0
0.0163165641736 0.00205609036316 0.003315 90.0
0.048748392414 0.00627960043855 0.003315 99.0
0.0312775821422 0.00391821952436 0.003315 108.0
0.0145090771299 0.0018663415081 0.003315 117.0
0.0145980413214 0.00182779261623 0.003315 126.0
0.0224585480966 0.00278852573057 0.003315 135.0
0.0235145312615 0.00301082929505 0.003315 144.0
0.0232627147469 0.00289960648472 0.003315 153.0
0.0478729868721 0.00618445237793 0.003315 162.0
0.0326647692458 0.00409879760511 0.003315 171.0
0.014463092822 0.00179497280893 0.003315 180.0
0.0292107380502 0.00375888286722 0.003315 189.0
0.0500884360026 0.00618963511484 0.003315 198.0
0.0228965317564 0.0029446745207 0.003315 207.0
0.0237481930548 0.00297615536065 0.003315 216.0
0.047397619261 0.00592436461065 0.003315 225.0
0.022578670978 0.00293848588584 0.003315 234.0
0.0111379189546 0.00139618580772 0.003315 243.0
0.0271630801273 0.00350134692803 0.003315 252.0
0.0227918454162 0.00282819675849 0.003315 270.0
0.0488626531661 0.00629392828611 0.003315 279.0
0.0476966807827 0.00597845307333 0.003315 288.0
0.0191784387156 0.00249308129552 0.003315 297.0
0.0138965485163 0.0017392028092 0.003315 306.0
0.0304747007565 0.00376768457038 0.003315 315.0
0.0232043715384 0.00297110724714 0.003315 324.0
0.0232845545959 0.00290262680346 0.003315 333.0
0.0495300576414 0.00639930319291 0.003315 342.0
0.0479933451938 0.00602784569984 0.003315 351.0
0.0131826653062 0.0016412989087 0.00333 0.0
0.0282631214781 0.00363661831347 0.00333 9.0
0.0228293877212 0.00293667375453 0.00333 27.0
0.023467335296 0.0029414464715 0.00333 36.0
0.0227883925646 0.00296772013423 0.00333 54.0
0.0275875368763 0.0035566893969 0.00333 72.0
0.0453261606986 0.00583946837654 0.00333 99.0
0.0226600701823 0.00281447519768 0.00333 135.0
0.0232626633846 0.00289997695989 0.00333 153.0
0.0478729744327 0.00618488224413 0.00333 162.0
0.0144631216991 0.00179516725887 0.00333 180.0
0.0292106594294 0.00375947063031 0.00333 189.0
0.0500883362898 0.00619084597022 0.00333 198.0
0.0228965308065 0.0029451983584 0.00333 207.0
0.0237482595381 0.00297694652513 0.00333 216.0
0.0473974932943 0.00592561277877 0.00333 225.0
0.022580069634 0.00293918884196 0.00333 234.0
0.0111954335095 0.00140384479482 0.00333 243.0
0.0271625385687 0.00350169254659 0.00333 252.0
0.0457104870567 0.00568106094046 0.00333 261.0
0.0227919315949 0.00282841093504 0.00333 270.0
0.0488627402076 0.00629494976053 0.00333 279.0
0.0476970587408 0.00597967556694 0.00333 288.0
0.0305977692444 0.00378349686051 0.00333 315.0
0.0232844979293 0.00290297295378 0.00333 333.0
0.0495301286989 0.00639981619919 0.00333 342.0
0.0479934341376 0.00602827806186 0.00333 351.0
0.0129454227873 0.00161229558765 0.003345 0.0
0.0279308122151 0.0035938828338 0.003345 9.0
0.0497977019257 0.00615331300761 0.003345 18.0
0.0228321489453 0.00293671774266 0.003345 27.0
0.0231149870304 0.00289652391086 0.003345 36.0
0.0468806952077 0.00586077258385 0.003345 45.0
0.0223400561968 0.0029080189454 0.003345 54.0
0.0111218754814 0.00139452745327 0.003345 63.0
0.0268455219725 0.00346186433834 0.003345 72.0
0.043788811548 0.00544456238808 0.003345 81.0
0.00899934599394 0.0011342930927 0.003345 90.0
0.045434468896 0.00585403678912 0.003345 99.0
0.0307072676037 0.0038462545838 0.003345 108.0
0.014484853854 0.00186334502549 0.003345 117.0
0.0145928597259 0.00182693395475 0.003345 126.0
0.0224030913141 0.00278192845359 0.003345 135.0
0.0233061365129 0.00298412488644 0.003345 144.0
0.0231118750051 0.00288128422629 0.003345 153.0
0.047167510545 0.00609468374553 0.003345 162.0
0.0324779520754 0.00407733209562 0.003345 171.0
0.0144127671388 0.0017892898627 0.003345 180.0
0.0291686884411 0.00375446236985 0.003345 189.0
0.0500547026299 0.00618667276103 0.003345 198.0
0.0228964269958 0.00294484371079 0.003345 207.0
0.0231063543408 0.0028953209508 0.003345 216.0
0.0468567138108 0.00585760871985 0.003345 225.0
0.0223274089264 0.00290612178333 0.003345 234.0
0.0111256251546 0.00139499950417 0.003345 243.0
0.0268350912768 0.0034603803984 0.003345 252.0
0.0452399617804 0.00562487072229 0.003345 261.0
0.0217327420369 0.00269735347464 0.003345 270.0
0.0468393690837 0.00603395948799 0.003345 279.0
0.0469063440148 0.00588014573239 0.003345 288.0
0.0189176900356 0.00245939099202 0.003345 297.0
0.0137831114678 0.00172457800476 0.003345 306.0
0.0306623199374 0.00379066522759 0.003345 315.0
0.0232660760406 0.00297926737622 0.003345 324.0
0.0228243233385 0.00284520258479 0.003345 333.0
0.0465542253891 0.00601546373169 0.003345 342.0
0.0446878427492 0.00561092440846 0.003345 351.0
0.0129454224528 0.00161221592869 0.00336 0.0
0.0279307853342 0.00359383528354 0.00336 9.0
0.0497976759794 0.00615325151598 0.00336 18.0
0.0228321025293 0.00293668227381 0.00336 27.0
0.0231149335249 0.0028964877978 0.00336 36.0
0.0468807271457 0.00586072429783 0.00336 45.0
0.0223400729811 0.00290795256481 0.00336 54.0
0.0111218743905 0.00139450633111 0.00336 63.0
0.0268454371109 0.00346176433188 0.00336 72.0
0.0437905284543 0.0054445369803 0.00336 81.0
0.00902432025636 0.00113730571687 0.00336 90.0
0.0454343441653 0.0058538923174 0.00336 99.0
0.0307072226232 0.00384626040801 0.00336 108.0
0.0144848717283 0.00186335567512 0.00336 117.0
0.0145928303302 0.00182694500246 0.00336 126.0
0.0224030719664 0.0027819228919 0.00336 135.0
0.0233061170917 0.00298404326155 0.00336 144.0
0.0231118934594 0.00288124100235 0.00336 153.0
0.0471674674818 0.00609455286567 0.00336 162.0
0.0324779037129 0.0040772357014 0.00336 171.0
0.0144127271624 0.00178926118728 0.00336 180.0
0.0291686336906 0.00375438506421 0.00336 189.0
0.0500547105363 0.00618665207795 0.00336 198.0
0.0228963851085 0.00294484602405 0.00336 207.0
0.0231063672511 0.00289532918745 0.00336 216.0
0.0468566893959 0.00585759235622 0.00336 225.0
0.022327397912 0.00290609003789 0.00336 234.0
0.0111256172163 0.00139495203867 0.00336 243.0
0.0268352112407 0.00346028518928 0.00336 252.0
0.0452399475275 0.00562472135919 0.00336 261.0
0.0217326675278 0.00269730359892 0.00336 270.0
0.0468393402324 0.00603387871442 0.00336 279.0
0.0469062694525 0.00588008119527 0.00336 288.0
0.018917749462 0.00245935374242 0.00336 297.0
0.0137830927985 0.00172457908759 0.00336 306.0
0.0306623044738 0.0037906782989 0.00336 315.0
0.023266077546 0.00297923151485 0.00336 324.0
0.0228242554479 0.00284513895275 0.00336 333.0
0.0465540838823 0.00601521236192 0.00336 342.0
0.0446878216148 0.00561070372738 0.00336 351.0
0.012945401844 0.00161218936502 0.003375 0.0
0.0279307361817 0.00359372462435 0.003375 9.0
0.04979757299 0.0061532002265 0.003375 18.0
0.0228320606835 0.00293667860253 0.003375 27.0
0.0231149133121 0.00289650027659 0.003375 36.0
0.046880598516 0.00586066902057 0.003375 45.0
0.0223400673161 0.002907900318 0.003375 54.0
0.0111218061199 0.00139445957211 0.003375 63.0
0.0268453830192 0.00346163758127 0.003375 72.0
0.0437845648521 0.00544358964126 0.003375 81.0
0.00905799768529 0.00114155386063 0.003375 90.0
0.0454342746211 0.00585380893062 0.003375 99.0
0.030707183381 0.0038462002128 0.003375 108.0
0.0144848979241 0.00186336584852 0.003375 117.0
0.0145928430799 0.00182693895731 0.003375 126.0
0.0224030622684 0.00278192214175 0.003375 135.0
0.023306110768 0.00298397719783 0.003375 144.0
0.0231118809714 0.00288114884224 0.003375 153.0
0.0471673987569 0.00609430660479 0.003375 162.0
0.032477863376 0.00407709864576 0.003375 171.0
0.0144127366064 0.00178919180312 0.003375 180.0
0.0291686507223 0.00375431430345 0.003375 189.0
0.0500547026005 0.00618662012995 0.003375 198.0
0.0228964159414 0.00294485202602 0.003375 207.0
0.0231063333006 0.00289536945233 0.003375 216.0
0.046856660977 0.00585757695663 0.003375 225.0
0.0223273765185 0.00290605874551 0.003375 234.0
0.0111256177025 0.00139491701868 0.003375 243.0
0.0268351628831 0.00346016330946 0.003375 252.0
0.0452398747039 0.00562447074727 0.003375 261.0
0.021732658517 0.00269722973893 0.003375 270.0
0.0468392827001 0.00603381884385 0.003375 279.0
0.0469062739882 0.00588004091624 0.003375 288.0
0.0189177572169 0.00245937344229 0.003375 297.0
0.0137830850841 0.00172460761191 0.003375 306.0
0.0306622461367 0.00379066344104 0.003375 315.0
0.0232660453824 0.00297916391194 0.003375 324.0
0.0228242775786 0.00284510338267 0.003375 333.0
0.0465540463039 0.00601502069217 0.003375 342.0
0.0446876123026 0.00561048395245 0.003375 351.0
0.0282630199134 0.00363663126204 0.00339 9.0
0.0228292594632 0.00293658039275 0.00339 27.0
0.023467199554 0.00294131637572 0.00339 36.0
0.0473780222244 0.00592319340571 0.00339 45.0
0.0425245817415 0.00528545216451 0.00339 81.0
0.00923231672135 0.00114900947782 0.00339 90.0
0.04509515168 0.00580955800156 0.00339 99.0
0.03111980058 0.00389886399262 0.00339 108.0
0.0226600043043 0.00281442644899 0.00339 135.0
0.0292106850268 0.00375947339189 0.00339 189.0
0.0227740018404 0.00296542714137 0.00339 234.0
0.0488625584197 0.00629496892584 0.00339 279.0
0.0138902019461 0.00173877377577 0.00339 306.0
0.0232044664795 0.00297159593228 0.00339 324.0
0.0495298899248 0.00639994526323 0.00339 342.0
0.0479932585576 0.00602843013108 0.00339 351.0
0.0129454221193 0.0016121883925 0.003405 0.0
0.0279306611782 0.00359369094602 0.003405 9.0
0.0497973807244 0.00615307389161 0.003405 18.0
0.022832058649 0.00293666683833 0.003405 27.0
0.0231148522504 0.0028964951488 0.003405 36.0
0.0468805643031 0.00586062240982 0.003405 45.0
0.0223399628453 0.00290783204948 0.003405 54.0
0.0111218466648 0.00139439730253 0.003405 63.0
0.0268454483084 0.00346145637952 0.003405 72.0
0.0437509723628 0.00543911965467 0.003405 81.0
0.00903588054894 0.0011385831713 0.003405 90.0
0.0454340135872 0.00585356469867 0.003405 99.0
0.030707171538 0.00384612309318 0.003405 108.0
0.0144849452142 0.00186338801447 0.003405 117.0
0.0145928296483 0.00182694204807 0.003405 126.0
0.022402979273 0.00278189347442 0.003405 135.0
0.0233060689894 0.00298392883438 0.003405 144.0
0.0231119527409 0.00288095634559 0.003405 153.0
0.0471673700459 0.00609385547969 0.003405 162.0
0.0324778562767 0.0040767906362 0.003405 171.0
0.0144127867077 0.00178912581669 0.003405 180.0
0.0291686600376 0.00375424714212 0.003405 189.0
0.0500546352849 0.00618654560553 0.003405 198.0
0.0228964057208 0.00294486083489 0.003405 207.0
0.023106299605 0.00289536062472 0.003405 216.0
0.0468566510743 0.00585745533587 0.003405 225.0
0.0223273418534 0.00290597729465 0.003405 234.0
0.0111255948488 0.00139483872428 0.003405 243.0
0.0268351151748 0.00345993977833 0.003405 252.0
0.0452398054857 0.00562414105924 0.003405 261.0
0.0217326982898 0.00269714489736 0.003405 270.0
0.0468392239537 0.00603363722008 0.003405 279.0
0.0469061516623 0.00587993039945 0.003405 288.0
0.0189177244748 0.00245935979952 0.003405 297.0
0.0137830241478 0.00172463007158 0.003405 306.0
0.0306622467745 0.00379063138236 0.003405 315.0
0.0232659880755 0.00297909536021 0.003405 324.0
0.0228243100581 0.00284496688469 0.003405 333.0
0.0465539595003 0.00601472917129 0.003405 342.0
0.0446875722673 0.00561018085347 0.003405 351.0
0.013181078762 0.00164106069185 0.00342 0.0
0.028119471844 0.00361774449294 0.00342 9.0
0.050156669867 0.00619804301535 0.00342 18.0
0.0228292149826 0.00293666178076 0.00342 27.0
0.023467208225 0.00294139561796 0.00342 36.0
0.0473779764807 0.0059232292063 0.00342 45.0
0.0224708493443 0.00292481128316 0.00342 54.0
0.011195957282 0.00140377426286 0.00342 63.0
0.0274592926394 0.00353965935142 0.00342 72.0
0.0429658696043 0.0053392429818 0.00342 81.0
0.00884766452332 0.00110196818722 0.00342 90.0
0.0439215067568 0.00565784356839 0.00342 99.0
0.0311197915866 0.00389882939511 0.00342 108.0
0.0145092062082 0.00186672609752 0.00342 117.0
0.0145979274171 0.00182819998192 0.00342 126.0
0.0224719397951 0.00279068223825 0.00342 135.0
0.0235894312424 0.00302038235708 0.00342 144.0
0.0232625991346 0.00289962988211 0.00342 153.0
0.0478728401232 0.00618419743411 0.00342 162.0
0.0326646897036 0.0040986195776 0.00342 171.0
0.014463090368 0.00179498586842 0.00342 180.0
0.0292106323819 0.00375927692168 0.00342 189.0
0.0500882001599 0.00619080049995 0.00342 198.0
0.0228965171753 0.00294519395324 0.00342 207.0
0.02374820417 0.00297689806406 0.00342 216.0
0.0473975159459 0.00592540304031 0.00342 225.0
0.0223362039305 0.00290718434298 0.00342 234.0
0.0111953739057 0.00140369286131 0.00342 243.0
0.0271624594752 0.00350121660646 0.00342 252.0
0.0457105035937 0.00568046637766 0.00342 261.0
0.0227917820403 0.00282828312633 0.00342 270.0
0.0488625236302 0.00629463538312 0.00342 279.0
0.0476969168987 0.00597963457032 0.00342 288.0
0.0191771221855 0.00249349640315 0.00342 297.0
0.0138901980678 0.00173883125527 0.00342 306.0
0.0308275839447 0.00381183928022 0.00342 315.0
0.0232043474061 0.00297142056049 0.00342 324.0
0.0232844296492 0.00290274556959 0.00342 333.0
0.0495298147165 0.00639909740038 0.00342 342.0
0.047993053642 0.00602757503576 0.00342 351.0
0.0129853389774 0.0016167045578 0.003435 0.0
0.0279078997261 0.00358971522094 0.003435 9.0
0.0501116397235 0.00619213926707 0.003435 18.0
0.022832979687 0.00293702907564 0.003435 27.0
0.0237578012726 0.00297773522317 0.003435 36.0
0.0473779646537 0.00592235968487 0.003435 45.0
0.0223578501096 0.00290917452403 0.003435 54.0
0.0113094483235 0.00141697530126 0.003435 63.0
0.0273299535994 0.00352116048669 0.003435 72.0
0.0426904578255 0.00530293320063 0.003435 81.0
0.0126052144288 0.00159556183758 0.003435 90.0
0.0460349356775 0.00592951388326 0.003435 99.0
0.0310655567805 0.00389207657566 0.003435 108.0
0.0144755086618 0.00186242154541 0.003435 117.0
0.0146010800592 0.00182837645511 0.003435 126.0
0.0224305922648 0.00278465817313 0.003435 135.0
0.0233211982596 0.00298519562938 0.003435 144.0
0.0232673376006 0.00289858988418 0.003435 153.0
0.0478593000526 0.0061792786023 0.003435 162.0
0.0325688288989 0.00408503441816 0.003435 171.0
0.0144343986423 0.0017908005934 0.003435 180.0
0.0290016109859 0.00373167003297 0.003435 189.0
0.0500847262193 0.00618993593969 0.003435 198.0
0.0228965692529 0.00294511796562 0.003435 207.0
0.0237559057982 0.00297735173501 0.003435 216.0
0.047359835841 0.00591976856172 0.003435 225.0
0.0223458211373 0.00290721488963 0.003435 234.0
0.0113088192309 0.00141676181426 0.003435 243.0
0.0269897053959 0.00347741066883 0.003435 252.0
0.045552584431 0.00565876667196 0.003435 261.0
0.0223717306283 0.00277499339949 0.003435 270.0
0.048302158349 0.00622110397457 0.003435 279.0
0.047694635082 0.00597896934659 0.003435 288.0
0.0191794541586 0.00249364428234 0.003435 297.0
0.0139636139275 0.00174765633629 0.003435 306.0
0.0304996818923 0.0037706395605 0.003435 315.0
0.0232606860994 0.00297722282016 0.003435 324.0
0.0232844072637 0.00290111552099 0.003435 333.0
0.0478795587369 0.00618163457422 0.003435 342.0
0.0458371963597 0.00575174659603 0.003435 351.0
0.0129853387689 0.00161668955168 0.00345 0.0
0.0279078493214 0.00358965780853 0.00345 9.0
0.0501115864816 0.0061921530253 0.00345 18.0
0.0228329673661 0.00293703367831 0.00345 27.0
0.0237577929106 0.00297773322629 0.00345 36.0
0.0473779266139 0.00592234166405 0.00345 45.0
0.0223578064426 0.00290917976968 0.00345 54.0
0.01130941179 0.00141695844248 0.00345 63.0
0.0273298866417 0.00352110841719 0.00345 72.0
0.042690194303 0.00530284910583 0.00345 81.0
0.0126150102174 0.00159663206375 0.00345 90.0
0.0460375486382 0.0059298774923 0.00345 99.0
0.0310655325857 0.00389207192511 0.00345 108.0
0.0144755135029 0.00186241145773 0.00345 117.0
0.0146010610726 0.00182838985915 0.00345 126.0
0.0224305783596 0.00278465857809 0.00345 135.0
0.0233211627495 0.00298519026824 0.00345 144.0
0.0232672856253 0.00289853924334 0.00345 153.0
0.0478592576993 0.00617921202906 0.00345 162.0
0.0325688047115 0.00408498886895 0.00345 171.0
0.0144343767087 0.00179074868589 0.00345 180.0
0.0290016283362 0.00373165764974 0.00345 189.0
0.0500847263593 0.00618992769297 0.00345 198.0
0.0228965332471 0.00294511946665 0.00345 207.0
0.0237559138255 0.00297736119009 0.00345 216.0
0.0473598063357 0.00591977467272 0.00345 225.0
0.0223458470512 0.00290719516133 0.00345 234.0
0.0113088097407 0.00141675855779 0.00345 243.0
0.0269896704927 0.00347737685187 0.00345 252.0
0.0455525545646 0.00565875922611 0.00345 261.0
0.0223717678462 0.00277499121732 0.00345 270.0
0.048302232652 0.00622100467297 0.00345 279.0
0.0476946248774 0.00597897329169 0.00345 288.0
0.019179440969 0.00249365261876 0.00345 297.0
0.0139636139694 0.00174766761751 0.00345 306.0
0.0304996681237 0.003770637858 0.00345 315.0
0.0232606803648 0.00297722746332 0.00345 324.0
0.023284366309 0.00290103278581 0.00345 333.0
0.0478795000196 0.00618158285998 0.00345 342.0
0.0458372057785 0.00575164181394 0.00345 351.0
0.0129480881964 0.0016128722317 0.003465 0.0
0.0279057508075 0.00359143717814 0.003465 9.0
0.050041861365 0.00618595868994 0.003465 18.0
0.0228327500971 0.00293726320606 0.003465 27.0
0.0231148595796 0.00289687692623 0.003465 36.0
0.0468803579953 0.00586082804485 0.003465 45.0
0.0223411055145 0.0029080163559 0.003465 54.0
0.0111349179856 0.00139617154578 0.003465 63.0
0.0269352486377 0.003473356277 0.003465 72.0
0.0440495765703 0.00547514462968 0.003465 81.0
0.0138901831945 0.00174942658917 0.003465 90.0
0.0468674927095 0.0060392470617 0.003465 99.0
0.0463391504397 0.00581002920698 0.003465 108.0
0.0189395024636 0.00246308123664 0.003465 117.0
0.0137846599764 0.00172505035723 0.003465 126.0
0.0219023618314 0.00271960243712 0.003465 135.0
0.0231852427433 0.00296893397904 0.003465 144.0
0.023111805361 0.00288093830832 0.003465 153.0
0.0471651847834 0.00609399143336 0.003465 162.0
0.0324544610705 0.00407445463786 0.003465 171.0
0.0144271782223 0.00179154033884 0.003465 180.0
0.0291194810212 0.00374877769796 0.003465 189.0
0.0500801441424 0.00619119764546 0.003465 198.0
0.022896505236 0.00294541599219 0.003465 207.0
0.0231062441676 0.00289566030337 0.003465 216.0
0.0468566236771 0.00585762098973 0.003465 225.0
0.0223285770717 0.00290597937747 0.003465 234.0
0.0111342206278 0.00139600310129 0.003465 243.0
0.0269296822132 0.00347244718274 0.003465 252.0
0.0453124328392 0.00563390266573 0.003465 261.0
0.0217326023137 0.00269782264868 0.003465 270.0
0.046839254557 0.00603526783256 0.003465 279.0
0.046906439967 0.00588158323179 0.003465 288.0
0.0189174324018 0.00245985643839 0.003465 297.0
0.013738188806 0.00171947572971 0.003465 306.0
0.0303822395722 0.00375652084 0.003465 315.0
0.0232607466381 0.00297827198745 0.003465 324.0
0.022824246726 0.00284493493031 0.003465 333.0
0.046553774622 0.00601508821032 0.003465 342.0
0.0446868998627 0.00561101520885 0.003465 351.0
0.0129480369754 0.00161273335445 0.00348 0.0
0.0279057703596 0.00359089270305 0.00348 9.0
0.0500419200371 0.00618545106621 0.00348 18.0
0.0228327074931 0.00293724880243 0.00348 27.0
0.0231148425186 0.00289689786442 0.00348 36.0
0.0468803637914 0.00586115076728 0.00348 45.0
0.0223410659613 0.00290824447603 0.00348 54.0
0.0111348702445 0.00139619902802 0.00348 63.0
0.0269375919006 0.00347358373042 0.00348 72.0
0.043176249916 0.00536778949505 0.00348 81.0
0.0148065193286 0.00186520746199 0.00348 90.0
0.0449661626282 0.00579234760915 0.00348 99.0
0.0455680606258 0.00571293341423 0.00348 108.0
0.0189393145537 0.00246305543487 0.00348 117.0
0.0137845972795 0.00172510173234 0.00348 126.0
0.0219023654535 0.00271980968797 0.00348 135.0
0.023185191975 0.00296914290223 0.00348 144.0
0.0231118637564 0.00288098001664 0.00348 153.0
0.0471651739862 0.00609381064829 0.00348 162.0
0.0324543413241 0.00407407160978 0.00348 171.0
0.0144271369743 0.00179136362251 0.00348 180.0
0.0291194519784 0.00374836429778 0.00348 189.0
0.0500799961284 0.00619065851356 0.00348 198.0
0.0228964970382 0.00294533827854 0.00348 207.0
0.0231062097866 0.00289570035189 0.00348 216.0
0.046856679143 0.00585795871655 0.00348 225.0
0.0223285577052 0.00290622203847 0.00348 234.0
0.0111342029461 0.00139605671747 0.00348 243.0
0.0269296635594 0.00347244468985 0.00348 252.0
0.0453125708672 0.00563337480534 0.00348 261.0
0.0217326824341 0.00269739609339 0.00348 270.0
0.046839091262 0.00603454133388 0.00348 279.0
0.0469064726424 0.0058810875105 0.00348 288.0
0.0189173880302 0.00245975941867 0.00348 297.0
0.0137382375725 0.00171950794006 0.00348 306.0
0.0303822808808 0.00375670663577 0.00348 315.0
0.0232606451314 0.00297847904616 0.00348 324.0
0.0228242380724 0.00284501332422 0.00348 333.0
0.0465537062747 0.00601488085342 0.00348 342.0
0.0446870042028 0.00561051617174 0.00348 351.0
0.027930496582 0.00359449053457 0.003495 9.0
0.0228319494471 0.00293728255749 0.003495 27.0
0.00857455894636 0.00105621131601 0.003495 90.0
0.0218654768305 0.0027150684656 0.003495 135.0
0.0228964018164 0.00294540849527 0.003495 207.0
0.04683905305 0.00603490385538 0.003495 279.0
0.0306621416724 0.00379075182192 0.003495 315.0
0.0446873740772 0.00561040401652 0.003495 351.0
0.022746215588 0.00281672447693 0.00351 0.0
0.0474971676312 0.00610477313667 0.00351 9.0
0.0474989958612 0.00594023742197 0.00351 18.0
0.0237819519061 0.00310787229365 0.00351 27.0
0.0232732149028 0.00296846293087 0.00351 36.0
0.0388700654014 0.00481492090853 0.00351 45.0
0.023803114728 0.00304695501437 0.00351 54.0
0.0233275734571 0.00290708779199 0.00351 63.0
0.0452905368736 0.00584601751553 0.00351 72.0
0.0454870317013 0.00570370528892 0.00351 81.0
0.00747937891978 0.00093027045327 0.00351 90.0
0.0327741711403 0.00424557956536 0.00351 99.0
0.0395983242447 0.00490455908093 0.00351 108.0
0.0230510998374 0.00295977756859 0.00351 117.0
0.0236430184602 0.00295825829387 0.00351 126.0
0.0468029301113 0.00584447119277 0.00351 135.0
0.0230156432134 0.00299684398499 0.00351 144.0
0.0221882710809 0.00281601951327 0.00351 153.0
0.0345449475825 0.00443583644624 0.00351 162.0
0.0454848194606 0.0056463732066 0.00351 171.0
0.0226298871576 0.00280220116885 0.00351 180.0
0.0471623024052 0.00606202399753 0.00351 189.0