720 2 5 2 20
0.0478507102272 0.00598466484048 0.00351 198.0
0.0237708079363 0.00310641948159 0.00351 207.0
0.0232686304781 0.00296786290131 0.00351 216.0
0.038858172998 0.00481331273686 0.00351 225.0
0.0237997347494 0.0030461761919 0.00351 234.0
0.0233243997138 0.00290661986552 0.00351 243.0
0.0452687358912 0.00584309434157 0.00351 252.0
0.0464363563109 0.00582552545564 0.00351 261.0
0.0234878721949 0.00296740169161 0.00351 270.0
0.0156189169349 0.00200662683073 0.00351 279.0
0.041771592704 0.00517167153133 0.00351 288.0
0.023337652179 0.00299528570244 0.00351 297.0
0.0236740295331 0.00296192941706 0.00351 306.0
0.0473900351142 0.00591830044686 0.00351 315.0
0.0231556317887 0.00301510061728 0.00351 324.0
0.0220407424786 0.00279764713899 0.00351 333.0
0.0346127703089 0.00444470693854 0.00351 342.0
0.0460209205872 0.00571315171068 0.00351 351.0
0.0129495308632 0.00161284403581 0.003525 0.0
0.0280873255252 0.00361458307815 0.003525 9.0
0.0497973306696 0.00615481792614 0.003525 18.0
0.022831880233 0.00293745663135 0.003525 27.0
0.0231148252052 0.00289708243321 0.003525 36.0
0.0468806401795 0.00586123892021 0.003525 45.0
0.0223430223076 0.00290848866301 0.003525 54.0
0.011134974987 0.00139608356701 0.003525 63.0
0.0268320264939 0.0034595529176 0.003525 72.0
0.0437085694577 0.0054337376071 0.003525 81.0
0.00994095492875 0.00123925741775 0.003525 90.0
0.0469397781629 0.00604885338452 0.003525 99.0
0.0471806056471 0.00591681017543 0.003525 108.0
0.0189381976845 0.00246305513606 0.003525 117.0
0.0138195721822 0.00172993297699 0.003525 126.0
0.0218843964131 0.00271758460163 0.003525 135.0
0.0231647017969 0.00296630325846 0.003525 144.0
0.0231125228243 0.0028809976981 0.003525 153.0
0.0472081415108 0.00609923959325 0.003525 162.0
0.0325570421923 0.00408701434788 0.003525 171.0
0.014430623165 0.00179153913204 0.003525 180.0
0.0291690409169 0.0037550900246 0.003525 189.0
0.0500544226109 0.00618817644202 0.003525 198.0
0.0228963922943 0.00294553000163 0.003525 207.0
0.0231060836971 0.00289591399111 0.003525 216.0
0.0468568001577 0.0058580783335 0.003525 225.0
0.0223305320227 0.00290647581422 0.003525 234.0
0.0111341220579 0.00139596349422 0.003525 243.0
0.0268242455644 0.00345853238207 0.003525 252.0
0.0452397430869 0.00562443702577 0.003525 261.0
0.021732635303 0.0026975116307 0.003525 270.0
0.0468390121424 0.00603495294892 0.003525 279.0
0.0469063605394 0.005881626047 0.003525 288.0
0.0189201710355 0.00246037278016 0.003525 297.0
0.0137713250774 0.00172332166998 0.003525 306.0
0.0306611061253 0.00379088613197 0.003525 315.0
0.023265728381 0.0029791318046 0.003525 324.0
0.0228241323036 0.00284496559652 0.003525 333.0
0.0465537589061 0.00601465206839 0.003525 342.0
0.0446874781097 0.00561046086107 0.003525 351.0
0.0129494908683 0.00161282821513 0.00354 0.0
0.028087259116 0.00361448543219 0.00354 9.0
0.0497973486695 0.00615478074983 0.00354 18.0
0.0228318862783 0.00293744660697 0.00354 27.0
0.0231147949589 0.00289706301551 0.00354 36.0
0.0468805556602 0.00586121109314 0.00354 45.0
0.0223429860262 0.00290847831452 0.00354 54.0
0.0111349424633 0.0013960689264 0.00354 63.0
0.0268379618056 0.00346033690697 0.00354 72.0
0.0432467716527 0.00537546414695 0.00354 81.0
0.00996559922761 0.00124238767064 0.00354 90.0
0.0469272163432 0.00604720130726 0.00354 99.0
0.0471801259929 0.0059166785947 0.00354 108.0
0.0189381775578 0.00246304480882 0.00354 117.0
0.013819549896 0.00172993004976 0.00354 126.0
0.02188438466 0.00271756971932 0.00354 135.0
0.0231647013385 0.00296627431179 0.00354 144.0
0.0231124867428 0.00288094358617 0.00354 153.0
0.0472081604939 0.00609920178098 0.00354 162.0
0.0325569729509 0.00408697276938 0.00354 171.0
0.0144306221868 0.00179149529206 0.00354 180.0
0.0291689866759 0.00375506993495 0.00354 189.0
0.0500544464026 0.00618817774214 0.00354 198.0
0.0228963883623 0.00294551856882 0.00354 207.0
0.0231061179188 0.0028958673599 0.00354 216.0
0.046856787492 0.00585802889913 0.00354 225.0
0.0223305481105 0.00290642821248 0.00354 234.0
0.0111341395497 0.00139592939986 0.00354 243.0
0.0268242032439 0.003458497667 0.00354 252.0
0.0452396476554 0.00562434974876 0.00354 261.0
0.0217326039025 0.00269747675943 0.00354 270.0
0.0468389928326 0.00603491708776 0.00354 279.0
0.0469063340933 0.00588163454388 0.00354 288.0
0.0189201618952 0.00246036066658 0.00354 297.0
0.0137713176491 0.00172330847303 0.00354 306.0
0.0306610780129 0.00379085619319 0.00354 315.0
0.0232657123372 0.00297911526532 0.00354 324.0
0.022824088178 0.00284493684902 0.00354 333.0
0.0465537691356 0.00601462485349 0.00354 342.0
0.0446874057419 0.00561039317249 0.00354 351.0
0.0131089165271 0.00163287740037 0.003555 0.0
0.0284048714319 0.00365578742313 0.003555 9.0
0.0497972770312 0.00615474748857 0.003555 18.0
0.0228318401283 0.00293744853558 0.003555 27.0
0.0234670939086 0.00294151101064 0.003555 36.0
0.0472485718865 0.0059069128172 0.003555 45.0
0.0223429635091 0.00290848337307 0.003555 54.0
0.0112093325345 0.00140557730088 0.003555 63.0
0.0272456573649 0.00351265589912 0.003555 72.0
0.0433358976872 0.00538637369446 0.003555 81.0
0.0101158805802 0.00126136544395 0.003555 90.0
0.0478301308688 0.00616404374081 0.003555 99.0
0.0477842912458 0.00599265572078 0.003555 108.0
0.0190766330301 0.00248067900936 0.003555 117.0
0.0139924160564 0.00175230984811 0.003555 126.0
0.0221812743913 0.00275467013829 0.003555 135.0
0.023295728975 0.00298300883514 0.003555 144.0
0.0232446391504 0.00289767217484 0.003555 153.0
0.0478594646193 0.00618368053446 0.003555 162.0
0.0325713264959 0.00408834867083 0.003555 171.0
0.0143926196312 0.00178677950705 0.003555 180.0
0.0291690210116 0.00375492758701 0.003555 189.0
0.0500544443441 0.00618815249537 0.003555 198.0
0.0228963499654 0.00294552405198 0.003555 207.0
0.0237480210818 0.00297686282358 0.003555 216.0
0.0468567595327 0.00585805728224 0.003555 225.0
0.0223305327022 0.00290641742893 0.003555 234.0
0.0111999004081 0.00140436204114 0.003555 243.0
0.0271739105234 0.00350352553206 0.003555 252.0
0.0458444601064 0.00569876199992 0.003555 261.0
0.0223716645457 0.00277677750718 0.003555 270.0
0.048302213933 0.00622394122082 0.003555 279.0
0.0476944196382 0.00598072815052 0.003555 288.0
0.0191823260363 0.00249455409334 0.003555 297.0
0.0139342595302 0.00174425034689 0.003555 306.0
0.0306610483762 0.0037909174933 0.003555 315.0
0.0232656605514 0.0029791167381 0.003555 324.0
0.0232842980644 0.00290289890357 0.003555 333.0
0.0478816528795 0.00618624303161 0.003555 342.0
0.0460447726675 0.00578210631544 0.003555 351.0
0.0129494376518 0.00161228431779 0.00357 0.0
0.0280870796083 0.00361352479153 0.00357 9.0
0.0497971592765 0.00615341214892 0.00357 18.0
0.0228317977567 0.00293702389252 0.00357 27.0
0.0231145874984 0.00289684251087 0.00357 36.0
0.0468802478529 0.00586094825338 0.00357 45.0
0.0223430042119 0.00290820441064 0.00357 54.0
0.011134953724 0.00139581613902 0.00357 63.0
0.0268393187384 0.00345961562032 0.00357 72.0
0.0430239223304 0.00534608837626 0.00357 81.0
0.0104382734387 0.00128209418529 0.00357 90.0
0.0470270139891 0.00605859611292 0.00357 99.0
0.0470208521759 0.00589537719521 0.00357 108.0
0.0189067611342 0.00245843962608 0.00357 117.0
0.0137776077128 0.00172441547724 0.00357 126.0
0.0218787554822 0.00271669242216 0.00357 135.0
0.0231851327055 0.00296874379567 0.00357 144.0
0.0231117547212 0.00288036034337 0.00357 153.0
0.0471650954511 0.0060919102638 0.00357 162.0
0.0324543865162 0.00407267144195 0.00357 171.0
0.0144276938124 0.00179084095189 0.00357 180.0
0.0292645764605 0.00376643912761 0.00357 189.0
0.050055793204 0.00618695270165 0.00357 198.0
0.0228963304119 0.0029451459057 0.00357 207.0
0.0231062567448 0.00289565325159 0.00357 216.0
0.0468567272395 0.00585782427417 0.00357 225.0
0.0223305247729 0.00290622884272 0.00357 234.0
0.0111341303417 0.00139570096604 0.00357 243.0
0.0268242281894 0.00345772355117 0.00357 252.0
0.0452395217129 0.00562254979582 0.00357 261.0
0.0217325343466 0.00269660899233 0.00357 270.0
0.0468389157998 0.00603318792452 0.00357 279.0
0.0469062514395 0.00588035671212 0.00357 288.0
0.0189199600662 0.00245996156418 0.00357 297.0
0.0137714065465 0.00172324975475 0.00357 306.0
0.0306610958392 0.00379073928679 0.00357 315.0
0.0232657489204 0.00297877916826 0.00357 324.0
0.0228240579037 0.00284441392761 0.00357 333.0
0.0465536098079 0.00601305744036 0.00357 342.0
0.0446873742423 0.00560850609808 0.00357 351.0
0.013189554873 0.00164219689083 0.003585 0.0
0.0281191095475 0.00361729356248 0.003585 9.0
0.0228288912031 0.0029359806085 0.003585 27.0
0.0473772791414 0.00592233488661 0.003585 45.0
0.022786608249 0.0029669037127 0.003585 54.0
0.011138461411 0.00139633751544 0.003585 63.0
0.0271736172288 0.00350298403846 0.003585 72.0
0.0463044160277 0.00575442176491 0.003585 81.0
0.0135023968548 0.00164260636247 0.003585 90.0
0.0478609712531 0.00600008260033 0.003585 108.0
0.0191270047355 0.00248663401258 0.003585 117.0
0.0140643866857 0.00176056957554 0.003585 126.0
0.0222370798328 0.00276107753233 0.003585 135.0
0.0234330089936 0.00300076974144 0.003585 144.0
0.0232599735358 0.00289923085337 0.003585 153.0
0.0144630370535 0.00179486323462 0.003585 180.0
0.0292106570966 0.00375877288496 0.003585 189.0
0.0500881825418 0.00618963481053 0.003585 198.0
0.022896440461 0.00294471089566 0.003585 207.0
0.0473973211239 0.00592458560596 0.003585 225.0
0.0225785129354 0.00293868096269 0.003585 234.0
0.0111378708178 0.00139619929244 0.003585 243.0
0.0271628721794 0.00350143199015 0.003585 252.0
0.0459388452723 0.00570923519714 0.003585 261.0
0.0226079679263 0.00280494135554 0.003585 270.0
0.0488622850418 0.0062938645511 0.003585 279.0
0.047696213223 0.00597843868863 0.003585 288.0
0.0191782130075 0.00249317888977 0.003585 297.0
0.0138963270902 0.0017392176169 0.003585 306.0
0.0304743025531 0.00376783562752 0.003585 315.0
0.0232041796743 0.00297118776068 0.003585 324.0
0.0495294047456 0.00639925835664 0.003585 342.0
0.0479995678478 0.00602852676013 0.003585 351.0
0.0130802606942 0.00162903330081 0.0036 0.0
0.0281232625865 0.00361885751148 0.0036 9.0
0.0501561232394 0.00619906368529 0.0036 18.0
0.0228289472262 0.00293694463366 0.0036 27.0
0.0234670050331 0.00294150594461 0.0036 36.0
0.0472488257216 0.00590691396751 0.0036 45.0
0.0223477050861 0.00290889823307 0.0036 54.0
0.0111994275138 0.00140419219734 0.0036 63.0
0.0274682184123 0.00354079103331 0.0036 72.0
0.0440428802166 0.0054734674753 0.0036 81.0
0.00966591731339 0.00120467202155 0.0036 90.0
0.0463232144265 0.0059687285734 0.0036 99.0
0.0477231871833 0.00598456633799 0.0036 108.0
0.0190674806321 0.00247934845441 0.0036 117.0
0.013976105945 0.00175011215391 0.0036 126.0
0.0224461590906 0.00278750669221 0.0036 135.0
0.0234662502707 0.00300502377622 0.0036 144.0
0.023258067964 0.00289878980297 0.0036 153.0
0.0478732439575 0.00618431554297 0.0036 162.0
0.0326603585084 0.00409863439083 0.0036 171.0
0.0144490801171 0.00179364039814 0.0036 180.0
0.0291968357118 0.00375814132062 0.0036 189.0
0.0500963861893 0.00619278194742 0.0036 198.0
0.022896523998 0.00294557032949 0.0036 207.0
0.0237480803486 0.00297688807765 0.0036 216.0
0.046857063805 0.00585814052542 0.0036 225.0
0.0223352887998 0.00290684029228 0.0036 234.0
0.0111989776838 0.00140410487118 0.0036 243.0
0.02717289487 0.00350263026673 0.0036 252.0
0.0453559583467 0.00563712202378 0.0036 261.0
0.0223715340009 0.00277628147097 0.0036 270.0
0.0483021046994 0.00622317958419 0.0036 279.0
0.0476959707517 0.00598064561934 0.0036 288.0
0.0190688646273 0.00247935797302 0.0036 297.0
0.0138885035051 0.00173868343731 0.0036 306.0
0.0307676812881 0.00380427584539 0.0036 315.0
0.0232044568828 0.00297119174046 0.0036 324.0
0.0232842392753 0.00290252421105 0.0036 333.0
0.0478793496131 0.00618488564508 0.0036 342.0
0.0458368826334 0.00575466445841 0.0036 351.0
0.0144405445924 0.00179096118485 0.003615 0.0
0.0285545598499 0.00367305831845 0.003615 9.0
0.0497911604113 0.00615228054337 0.003615 18.0
0.0227662014867 0.00292899894377 0.003615 27.0
0.0237558931573 0.00297847536477 0.003615 36.0
0.0473927644201 0.00592618435643 0.003615 45.0
0.0237785066373 0.00310472929917 0.003615 54.0
0.013422735109 0.00167388182631 0.003615 63.0
0.0293543458762 0.00378507585689 0.003615 72.0
0.0300473860843 0.00372150482389 0.003615 81.0
0.0139571892497 0.00176735168319 0.003615 90.0
0.0487060733968 0.00627407079248 0.003615 99.0
0.0478661079573 0.00600188959745 0.003615 108.0
0.0191424012283 0.00248960873173 0.003615 117.0
0.0141145235502 0.0017676388238 0.003615 126.0
0.0226345104872 0.00281163583859 0.003615 135.0
0.023433031202 0.00300086093042 0.003615 144.0
0.0233638552532 0.00291150079249 0.003615 153.0
0.048260107412 0.00623181488778 0.003615 162.0
0.0240321409502 0.00300076423156 0.003615 171.0
0.0145505265757 0.00180474680057 0.003615 180.0
0.0285599360566 0.00367397299 0.003615 189.0
0.0497865076646 0.00615200730397 0.003615 198.0
0.0227657007655 0.00292882879313 0.003615 207.0
0.023751031505 0.00297764672382 0.003615 216.0
0.0476875006427 0.00596258923013 0.003615 225.0
0.0237705003178 0.0031033096271 0.003615 234.0
0.0134221574517 0.00167376494761 0.003615 243.0
0.0288854447943 0.0037242932187 0.003615 252.0
0.0306212470294 0.00379149121591 0.003615 261.0
0.0227583921639 0.00282309558354 0.003615 270.0
0.049167841682 0.00633278995777 0.003615 279.0
0.0480700336242 0.00602625669324 0.003615 288.0
0.0191417917975 0.00248935176452 0.003615 297.0
0.0138821790308 0.001738227266 0.003615 306.0
0.0302250257106 0.00373891177575 0.003615 315.0
0.0234272895408 0.00300001190351 0.003615 324.0
0.0233650448224 0.00291169506932 0.003615 333.0
0.0481589679161 0.00621872741583 0.003615 342.0
0.0239642117486 0.00299226729613 0.003615 351.0
0.0144337702965 0.00179006067004 0.00363 0.0
0.0285545707959 0.003673001975 0.00363 9.0
0.0497912679244 0.00615208280863 0.00363 18.0
0.0227661858745 0.00292888156377 0.00363 27.0
0.0237558727306 0.00297849160738 0.00363 36.0
0.0473927688768 0.00592645841597 0.00363 45.0
0.0237783961487 0.00310500076743 0.00363 54.0
0.0134227708541 0.00167397613586 0.00363 63.0
0.0293539218484 0.00378519883567 0.00363 72.0
0.0300370153957 0.00372040629365 0.00363 81.0
0.0140024639833 0.00177444319123 0.00363 90.0
0.048848290789 0.00629233379446 0.00363 99.0
0.047866113236 0.00600167034963 0.00363 108.0
0.0191424422605 0.00248957619545 0.00363 117.0
0.0141145193028 0.00176762238307 0.00363 126.0
0.0226344764213 0.00281178187797 0.00363 135.0
0.0234329934427 0.00300104161707 0.00363 144.0
0.0233638424248 0.00291173657632 0.00363 153.0
0.04826016058 0.00623222099993 0.00363 162.0
0.0240321180828 0.00300086654579 0.00363 171.0
0.0145480248674 0.00180435677796 0.00363 180.0
0.0285599677199 0.00367385098912 0.00363 189.0
0.0497864616827 0.00615173682319 0.00363 198.0
0.0227656936643 0.00292877859366 0.00363 207.0
0.0237510145083 0.00297770364259 0.00363 216.0
0.0476875492157 0.00596290902825 0.00363 225.0
0.0237704460837 0.00310349995124 0.00363 234.0
0.0134222549799 0.00167386057753 0.00363 243.0
0.028885463849 0.00372446727887 0.00363 252.0
0.0306212721474 0.00379163132902 0.00363 261.0
0.0227584127519 0.0028230891601 0.00363 270.0
0.0491677322791 0.00633256651682 0.00363 279.0
0.0480700922488 0.00602614784179 0.00363 288.0
0.019141817978 0.00248931866421 0.00363 297.0
0.0138820323244 0.00173818696042 0.00363 306.0
0.030553247747 0.00377933271974 0.00363 315.0
0.0234354644891 0.00300123828364 0.00363 324.0
0.0233645028092 0.00291190747524 0.00363 333.0
0.0481589620958 0.00621914835996 0.00363 342.0
0.0239642494926 0.00299239543358 0.00363 351.0
0.0145037541839 0.00179889197925 0.003645 0.0
0.0284543381423 0.00366001770235 0.003645 9.0
0.0504448494066 0.00623256935445 0.003645 18.0
0.0230174578682 0.00296100059215 0.003645 27.0
0.0238123087438 0.00298591446339 0.003645 36.0
0.048518129388 0.00606758968383 0.003645 45.0
0.0241050260389 0.00314804276276 0.003645 54.0
0.013496943726 0.00168312533523 0.003645 63.0
0.0290857793106 0.00375056024376 0.003645 72.0
0.02995350037 0.00370998947403 0.003645 81.0
0.0138419067831 0.00175434078784 0.003645 90.0
0.0483388324724 0.00622611744101 0.003645 99.0
0.0478583658106 0.00600046909362 0.003645 108.0
0.0190684624159 0.00247958900974 0.003645 117.0
0.014190117883 0.00177739460617 0.003645 126.0
0.0222060217901 0.00275849956908 0.003645 135.0
0.0234937028295 0.00300829230088 0.003645 144.0
0.023370499323 0.00291229649661 0.003645 153.0
0.0482456860603 0.00622990693895 0.003645 162.0
0.0238612869907 0.00297939275986 0.003645 171.0
0.0144377498296 0.00179027722099 0.003645 180.0
0.028450978363 0.00365976237784 0.003645 189.0
0.0504391825687 0.00623204090482 0.003645 198.0
0.0230169843449 0.00296095225744 0.003645 207.0
0.0238103634264 0.00298559877606 0.003645 216.0
0.0485003895173 0.00606498195404 0.003645 225.0
0.0240945310991 0.00314621314633 0.003645 234.0
0.0134963637615 0.00168290505237 0.003645 243.0
0.0289544898238 0.00373340832305 0.003645 252.0
0.0308287673327 0.0038173844056 0.003645 261.0
0.0228588888966 0.00283508958627 0.003645 270.0
0.0487389490337 0.00627705284385 0.003645 279.0
0.0468586713403 0.00587378935162 0.003645 288.0
0.0188746869655 0.00245421064572 0.003645 297.0
0.0139681622184 0.00174851479964 0.003645 306.0
0.0302953336167 0.00374774856437 0.003645 315.0
0.0234476747947 0.0030024420065 0.003645 324.0
0.0233669561067 0.0029120452427 0.003645 333.0
0.0482424299168 0.0062296278389 0.003645 342.0
0.023866093218 0.00298004092797 0.003645 351.0
0.0145010004878 0.00179939296934 0.00366 0.0
0.0284542397907 0.003661407691 0.00366 9.0
0.0504456071048 0.006234035102 0.00366 18.0
0.0227712885263 0.00292946112567 0.00366 27.0
0.0237557665638 0.00297809668223 0.00366 36.0
0.0473921666944 0.00592520842491 0.00366 45.0
0.0237770707065 0.0031043107021 0.00366 54.0
0.013494699625 0.00168327866615 0.00366 63.0
0.0294519396209 0.00379870744324 0.00366 72.0
0.030137030426 0.00373413950404 0.00366 81.0
0.00977545085899 0.0012108515699 0.00366 90.0
0.0469042934586 0.00604324818532 0.00366 99.0
0.0473762252731 0.0059402846797 0.00366 108.0
0.019147588017 0.00249011961184 0.00366 117.0
0.0140486769429 0.00175915626634 0.00366 126.0
0.0221919576962 0.00275622513992 0.00366 135.0
0.0232891156584 0.00298252546871 0.00366 144.0
0.0232884294114 0.00290240720175 0.00366 153.0
0.0474807056109 0.00613307797872 0.00366 162.0
0.0233374017887 0.00291516433116 0.00366 171.0
0.0144080822428 0.00178751330025 0.00366 180.0
0.0284509331326 0.00366118609564 0.00366 189.0
0.0504397472562 0.00623344172389 0.00366 198.0
0.0227708381253 0.00292941558214 0.00366 207.0
0.0237509276399 0.00297728411983 0.00366 216.0
0.0476868912586 0.00596175329046 0.00366 225.0
0.0237690785886 0.00310310701558 0.00366 234.0
0.013492354781 0.0016828631742 0.00366 243.0
0.0295004955156 0.00380525311353 0.00366 252.0
0.0305751601012 0.00378756272853 0.00366 261.0
0.022507600569 0.00279298353156 0.00366 270.0
0.0486686045167 0.00627039449629 0.00366 279.0
0.0471660027967 0.00591377155757 0.00366 288.0
0.0191465911455 0.00248976040936 0.00366 297.0
0.0138800484722 0.00173743582423 0.00366 306.0
0.0297749902775 0.0036834304324 0.00366 315.0
0.0229257935362 0.00293546328442 0.00366 324.0
0.0232213997233 0.00289446701555 0.00366 333.0
0.0474829830601 0.00613335651939 0.00366 342.0
0.0233436835492 0.00291600356166 0.00366 351.0
0.0144386330366 0.00179140137143 0.00369 0.0
0.0284542743531 0.00366164027513 0.00369 9.0
0.0503708283677 0.00622539002611 0.00369 18.0
0.0227711935136 0.00292933451262 0.00369 27.0
0.023108273345 0.00289615401504 0.00369 36.0
0.0473920321833 0.00592485210327 0.00369 45.0
0.023777047368 0.00310418416447 0.00369 54.0
0.0133343508871 0.0016631333088 0.00369 63.0
0.0290947717346 0.00375285749902 0.00369 72.0
0.0301066234912 0.00372995986706 0.00369 81.0
0.00993056608809 0.00123331626891 0.00369 90.0
0.0442837797194 0.00570559170763 0.00369 99.0
0.0471184197689 0.00590798254805 0.00369 108.0
0.0189383525111 0.00246295561786 0.00369 117.0
0.0139219304581 0.00174274772947 0.00369 126.0
0.0218853881954 0.00271776085547 0.00369 135.0
0.0231852838815 0.00296876471058 0.00369 144.0
0.0231300671383 0.00288257701658 0.00369 153.0
0.0470693659675 0.00607974087404 0.00369 162.0
0.0233507193553 0.00291715490789 0.00369 171.0
0.0144351493869 0.0017911140328 0.00369 180.0
0.0284509889406 0.00366138956754 0.00369 189.0
0.0503683269288 0.006225238793 0.00369 198.0
0.0227708034406 0.00292926841534 0.00369 207.0
0.0231062316699 0.00289580331884 0.00369 216.0
0.0473706369895 0.00592191479824 0.00369 225.0
0.0237691451021 0.00310307281804 0.00369 234.0
0.0133333934775 0.00166300836832 0.00369 243.0
0.0289131016702 0.00372881481765 0.00369 252.0
0.0304083881459 0.00376659917107 0.00369 261.0
0.021728730518 0.00269639076942 0.00369 270.0
0.0473170503681 0.00609582875148 0.00369 279.0
0.0471659500083 0.00591380712898 0.00369 288.0
0.0189376338804 0.00246269194258 0.00369 297.0
0.0137975257368 0.00172649117729 0.00369 306.0
0.0286523720866 0.003546089223 0.00369 315.0
0.0224542540219 0.00287525828426 0.00369 324.0
0.0231303667453 0.00288266063955 0.00369 333.0
0.0470695896832 0.00607987820972 0.00369 342.0
0.0233568678239 0.00291804323433 0.00369 351.0
0.0144330736535 0.0017910231954 0.003705 0.0
0.0287756699084 0.00370317019114 0.003705 9.0
0.0507000358968 0.00626533962071 0.003705 18.0
0.0227706315212 0.0029292491568 0.003705 27.0
0.02392139239 0.0029991187346 0.003705 36.0
0.0476238750006 0.00595450418498 0.003705 45.0
0.0239881224179 0.00313229703907 0.003705 54.0
0.0134085652654 0.00167247835496 0.003705 63.0
0.0293704021981 0.00378869702334 0.003705 72.0
0.0301768844542 0.00373960956223 0.003705 81.0
0.0100996253444 0.00125270900047 0.003705 90.0
0.0461751480933 0.00594984441388 0.003705 99.0
0.0481047884487 0.00603240816892 0.003705 108.0
0.0191487938926 0.00249014324244 0.003705 117.0
0.0140985284719 0.00176570546694 0.003705 126.0
0.0222471427209 0.0027629742163 0.003705 135.0
0.0234416325791 0.00300163649639 0.003705 144.0
0.0233650894487 0.0029122046011 0.003705 153.0
0.0481631598211 0.00622177512436 0.003705 162.0
0.0238018017553 0.00297378892411 0.003705 171.0
0.0145606281051 0.00180681633083 0.003705 180.0
0.0287830135402 0.00370417858294 0.003705 189.0
0.0506956750179 0.00626486867977 0.003705 198.0
0.0227701451059 0.00292924566562 0.003705 207.0
0.023935783131 0.00300089566746 0.003705 216.0
0.047923305163 0.00599115540795 0.003705 225.0
0.0238647029558 0.00311558382155 0.003705 234.0
0.0134110057838 0.00167267741509 0.003705 243.0
0.0292593323831 0.00377432602048 0.003705 252.0
0.0306876720224 0.0038019231331 0.003705 261.0
0.022610225353 0.00280571725753 0.003705 270.0
0.0486682742384 0.00627045949354 0.003705 279.0
0.0471664424927 0.00591371636174 0.003705 288.0
0.0191480763271 0.00248980554482 0.003705 297.0
0.0139036670501 0.00174040486967 0.003705 306.0
0.030322630947 0.00375021520221 0.003705 315.0
0.0233764607912 0.00299350259405 0.003705 324.0
0.0232884094702 0.00290270809218 0.003705 333.0
0.048168357323 0.00622252672161 0.003705 342.0
0.0238211912804 0.00297617377826 0.003705 351.0
0.0144647769337 0.00179456040764 0.00372 0.0
0.0284541881926 0.00366157545823 0.00372 9.0
0.0503707469454 0.00622534984284 0.00372 18.0
0.0227711879291 0.00292939265978 0.00372 27.0
0.0231083021491 0.00289627292875 0.00372 36.0
0.0473919511268 0.00592502323394 0.00372 45.0
0.0237769553651 0.00310424469769 0.00372 54.0
0.0133999003546 0.0016717546507 0.00372 63.0
0.0289191690991 0.00372993355704 0.00372 72.0
0.0302398963412 0.0037465291189 0.00372 81.0
0.00943167224638 0.00116639265543 0.00372 90.0
0.0467748426519 0.00602688460645 0.00372 99.0
0.0471950003664 0.00591799126642 0.00372 108.0
0.0189382970192 0.0024630375354 0.00372 117.0
0.0138901524804 0.00173866332428 0.00372 126.0
0.0218851408031 0.00271786445419 0.00372 135.0
0.0231852751337 0.00296881123718 0.00372 144.0
0.0231313033788 0.00288271539867 0.00372 153.0
0.0475923725599 0.00614763979719 0.00372 162.0
0.0234531885772 0.00293002664416 0.00372 171.0
0.0144400285108 0.00179160447137 0.00372 180.0
0.0284510566335 0.00366132988297 0.00372 189.0
0.0503683233055 0.0062252703292 0.00372 198.0
0.0227708062168 0.00292933315683 0.00372 207.0
0.0231062314204 0.00289594388542 0.00372 216.0
0.0473706267082 0.00592203941166 0.00372 225.0
0.0237691001499 0.00310308777095 0.00372 234.0
0.0133991157008 0.00167149256226 0.00372 243.0
0.0287814533193 0.00371195589616 0.00372 252.0
0.0305005883091 0.00377802568706 0.00372 261.0
0.0217293502766 0.00269634301589 0.00372 270.0
0.0473170429036 0.00609565967594 0.00372 279.0
0.0471658908773 0.00591386267074 0.00372 288.0
0.0189375349617 0.00246276750661 0.00372 297.0
0.0137975570484 0.00172658020318 0.00372 306.0
0.0286523467266 0.00354624789543 0.00372 315.0
0.0224541939762 0.00287528241314 0.00372 324.0
0.0231315927958 0.00288275752654 0.00372 333.0
0.0475933840551 0.00614781392767 0.00372 342.0
0.0234593575741 0.00293076771932 0.00372 351.0
0.0132247850238 0.00164688164212 0.003735 0.0
0.0282931339694 0.00364020579698 0.003735 9.0
0.0497963563308 0.00615271688111 0.003735 18.0
0.0228315251856 0.00293646984653 0.003735 27.0
0.0234667828526 0.00294071434798 0.003735 36.0
0.0473763091289 0.00592178522509 0.003735 45.0
0.0227811287792 0.00296597805963 0.003735 54.0
0.0111988314841 0.00140425987984 0.003735 63.0
0.027171659719 0.00350285223318 0.003735 72.0
0.0437354185755 0.00543613424328 0.003735 81.0
0.0161994679723 0.00201359464815 0.003735 90.0
0.0487592002585 0.00628269293779 0.003735 99.0
0.04790187414 0.00600588486431 0.003735 108.0
0.0191831240461 0.00249404644845 0.003735 117.0
0.0139835732456 0.00175043080797 0.003735 126.0
0.0222135407933 0.00275833705361 0.003735 135.0
0.0232888603035 0.00298238137284 0.003735 144.0
0.0232656947456 0.00289979247117 0.003735 153.0
0.0486240839582 0.0062822369531 0.003735 162.0
0.0325244629345 0.00408171565359 0.003735 171.0
0.0144594217365 0.00179464508931 0.003735 180.0
0.0291684806208 0.00375395015149 0.003735 189.0
0.050054388662 0.00618616707407 0.003735 198.0
0.0228962000859 0.00294472042646 0.003735 207.0
0.0237479510566 0.00297605362216 0.003735 216.0
0.0473964715664 0.00592400983345 0.003735 225.0
0.022767186725 0.00296391655158 0.003735 234.0
0.0111985756007 0.00140419455661 0.003735 243.0
0.0271592782088 0.00350112045871 0.003735 252.0
0.0458269607666 0.00569571938882 0.003735 261.0
0.0228624092383 0.0028371203908 0.003735 270.0
0.0488617771069 0.00629486030038 0.003735 279.0
0.0476935913019 0.00597884225945 0.003735 288.0
0.0191788958995 0.00249331865279 0.003735 297.0
0.0139335574575 0.00174381234906 0.003735 306.0
0.0306617487362 0.00379038255152 0.003735 315.0
0.02326557671 0.00297861595416 0.003735 324.0
0.0232840216628 0.002902541964 0.003735 333.0
0.0495290891953 0.00639948438852 0.003735 342.0
0.0479936142788 0.00602844711866 0.003735 351.0
0.0131017794689 0.00163098021906 0.00375 0.0
0.0281144966857 0.00361650995704 0.00375 9.0
0.049796337476 0.00615227750922 0.00375 18.0
0.0228315457095 0.00293661970894 0.00375 27.0
0.0234668025575 0.00294087993572 0.00375 36.0
0.0473764341183 0.00592195984716 0.00375 45.0
0.0227813049994 0.00296570891257 0.00375 54.0
0.0112091473039 0.00140525844722 0.00375 63.0
0.0272448074473 0.00351130761978 0.00375 72.0
0.0432666850122 0.00537532382729 0.00375 81.0
0.0163061989805 0.00201870478993 0.00375 90.0
0.0478078039648 0.00615964922169 0.00375 99.0
0.0477502144057 0.00598636778411 0.00375 108.0
0.0191824192976 0.002493992842 0.00375 117.0
0.0141291669271 0.00176901033066 0.00375 126.0
0.0221928881817 0.00275572840741 0.00375 135.0
0.0232888135392 0.00298220688591 0.00375 144.0
0.0232655217897 0.00289919862743 0.00375 153.0
0.0486433684214 0.00628282552718 0.00375 162.0
0.0325013194471 0.00407748415425 0.00375 171.0
0.0144092024099 0.00178824246502 0.00375 180.0
0.0292409069055 0.0037625936783 0.00375 189.0
0.0500557027905 0.0061859731557 0.00375 198.0
0.0228962338097 0.00294482569365 0.00375 207.0
0.0237479627379 0.00297625881637 0.00375 216.0
0.0473967702447 0.00592413579232 0.00375 225.0
0.0225736961198 0.00293771676985 0.00375 234.0
0.0111999445133 0.00140404634596 0.00375 243.0
0.0271579926682 0.00350002056351 0.00375 252.0
0.045844173454 0.00569617546813 0.00375 261.0
0.0228182110345 0.00283113239779 0.00375 270.0
0.0488818508447 0.00629628430286 0.00375 279.0
0.047693472784 0.00597840145333 0.00375 288.0
0.0191787891226 0.00249337448566 0.00375 297.0
0.0139334935619 0.00174390917377 0.00375 306.0
0.030661706824 0.00379044441626 0.00375 315.0
0.0232655350416 0.00297850733875 0.00375 324.0
0.0232840348066 0.00290201092183 0.00375 333.0
0.0495186691533 0.0063965325145 0.00375 342.0
0.047035937061 0.00590507238155 0.00375 351.0
0.0131754297629 0.0016402186123 0.003765 0.0
0.0281847903 0.00362592689501 0.003765 9.0
0.0497966554121 0.00615274561513 0.003765 18.0
0.0228314528029 0.0029366384565 0.003765 27.0
0.0473764861232 0.00592185802545 0.003765 45.0
0.0227812612349 0.00296574695073 0.003765 54.0
0.0112000173464 0.00140414843653 0.003765 63.0
0.027170400111 0.00350210897872 0.003765 72.0
0.0437608286854 0.00543832514607 0.003765 81.0
0.0120238503446 0.00147010292263 0.003765 90.0
0.0477358403389 0.0061503543005 0.003765 99.0
0.0477464054627 0.00598629704497 0.003765 108.0
0.0191819934294 0.0024940923195 0.003765 117.0
0.0141147419735 0.00176707223252 0.003765 126.0
0.0232888306015 0.002982257663 0.003765 144.0
0.0232655956177 0.00289939486016 0.003765 153.0
0.0486432817297 0.00628346595491 0.003765 162.0
0.0325012328219 0.00407802116063 0.003765 171.0
0.0144091696536 0.0017884317857 0.003765 180.0
0.0292409917654 0.00376301225504 0.003765 189.0
0.0500556462299 0.00618622655036 0.003765 198.0
0.0228962504508 0.00294487601501 0.003765 207.0
0.0237479461503 0.00297625890251 0.003765 216.0
0.0473967237882 0.00592411586489 0.003765 225.0
0.0225737526818 0.00293772258313 0.003765 234.0
0.011199948853 0.00140409360149 0.003765 243.0
0.0458441884966 0.00569682070266 0.003765 261.0
0.0488818494466 0.00629694508685 0.003765 279.0
0.047693949511 0.00597890514867 0.003765 288.0
0.0191821769422 0.00249388700197 0.003765 297.0
0.0139340792886 0.00174392248307 0.003765 306.0
0.0306607797388 0.00379033084489 0.003765 315.0
0.0232839965353 0.00290215951163 0.003765 333.0
0.0495145225685 0.00639643324395 0.003765 342.0
0.0483152015349 0.0060680781799 0.003765 351.0
0.0144385387742 0.00179141343639 0.00378 0.0
0.0284541577003 0.00366169583798 0.00378 9.0
0.0503704569243 0.00622554881466 0.00378 18.0
0.0227710742308 0.00292937486847 0.00378 27.0
0.0231081877922 0.00289630958507 0.00378 36.0
0.04739173882 0.0059251908587 0.00378 45.0
0.0237768842302 0.00310440305046 0.00378 54.0
0.0134001137005 0.00167180537186 0.00378 63.0
0.0288824110284 0.00372548893751 0.00378 72.0
0.0302739032488 0.00375109085542 0.00378 81.0
0.00894340353712 0.00110092287225 0.00378 90.0
0.0455765629202 0.00587248042611 0.00378 99.0
0.0471823994557 0.00591653307024 0.00378 108.0
0.0189383260154 0.00246308273013 0.00378 117.0
0.0139219309753 0.00174286314659 0.00378 126.0
0.0218853934334 0.00271790856397 0.00378 135.0
0.0231853330597 0.00296894489023 0.00378 144.0
0.0231300987789 0.00288275857718 0.00378 153.0
0.0470693263107 0.00608009230616 0.00378 162.0
0.0233506981401 0.00291734080111 0.00378 171.0
0.0144350474512 0.0017911419107 0.00378 180.0
0.028450964341 0.00366148222951 0.00378 189.0
0.0503681467848 0.00622531256552 0.00378 198.0
0.0227707588308 0.00292932301294 0.00378 207.0
0.0231062126226 0.00289595154552 0.00378 216.0
0.0473705884155 0.00592220521645 0.00378 225.0
0.0237689972712 0.00310320563145 0.00378 234.0
0.0133995060592 0.00167165485597 0.00378 243.0
0.0282994045434 0.00365018389702 0.00378 252.0
0.0305226428474 0.00378113342005 0.00378 261.0
0.0217293090472 0.00269650614309 0.00378 270.0
0.0473169163019 0.00609593521062 0.00378 279.0
0.0471657123813 0.00591392024412 0.00378 288.0
0.0189374384759 0.0024628207299 0.00378 297.0
0.0137974863092 0.00172661686243 0.00378 306.0
0.0286522565926 0.00354631360789 0.00378 315.0
0.0224542084569 0.00287547943933 0.00378 324.0
0.0231302588827 0.00288285354807 0.00378 333.0
0.0470693753654 0.00608023246264 0.00378 342.0
0.0233567460579 0.00291813676068 0.00378 351.0
0.0473764143325 0.00592184290455 0.003795 45.0
0.0151429864914 0.00187736380934 0.003795 90.0
0.047733450966 0.00598428604026 0.003795 108.0
0.0325013721503 0.00407824471728 0.003795 171.0
0.0500556590535 0.00618599296797 0.003795 198.0
0.0237479562142 0.00297608103683 0.003795 216.0
0.0271580374701 0.0035004975793 0.003795 252.0
0.0133134600276 0.00165883731277 0.00381 0.0
0.0284287099092 0.00365849018188 0.00381 9.0
0.0501105089496 0.00619209724303 0.00381 18.0
0.022832164378 0.0029364028199 0.00381 27.0
0.0234665753839 0.00294058875713 0.00381 36.0
0.0473762121912 0.00592194711574 0.00381 45.0
0.0227822293908 0.00296671518861 0.00381 54.0
0.011205996895 0.001405626016 0.00381 63.0
0.027311394077 0.00352246783924 0.00381 72.0
0.0441818231567 0.00549454074474 0.00381 81.0
0.00980545697651 0.00118502573121 0.00381 90.0
0.0472020634334 0.00608147136945 0.00381 99.0
0.0279898963824 0.00347900335889 0.00381 108.0
0.0145294540008 0.00186887639206 0.00381 117.0
0.0146058939874 0.00182865095026 0.00381 126.0
0.0224461813205 0.00278699353667 0.00381 135.0
0.0234838799129 0.00300729629707 0.00381 144.0
0.0232691585418 0.00290125259238 0.00381 153.0
0.0478704596035 0.00618706703739 0.00381 162.0
0.032618292284 0.0040953545309 0.00381 171.0
0.014457060586 0.00179502853334 0.00381 180.0
0.0291180698261 0.00374787900746 0.00381 189.0
0.0500798707686 0.00618938655886 0.00381 198.0
0.0228963215512 0.00294456358203 0.00381 207.0
0.02374788467 0.00297587051245 0.00381 216.0
0.0473964483877 0.00592422488631 0.00381 225.0
0.022768274602 0.00296463556666 0.00381 234.0