720 2 5 2 20
0.0112061911907 0.0014055578313 0.00381 243.0
0.0271681118322 0.00350380230899 0.00381 252.0
0.0455402291118 0.00566303688325 0.00381 261.0
0.0228626162563 0.00283804035776 0.00381 270.0
0.0488616737325 0.006295971705 0.00381 279.0
0.0476939972199 0.00597901821662 0.00381 288.0
0.0191792021983 0.00249324405811 0.00381 297.0
0.0139634282227 0.00174745383816 0.00381 306.0
0.0304991193239 0.00377107755634 0.00381 315.0
0.023260221982 0.00297866785073 0.00381 324.0
0.0232839057353 0.00290347930533 0.00381 333.0
0.0495289154336 0.00640221373483 0.00381 342.0
0.0479925960636 0.00603091966276 0.00381 351.0
0.0133134576531 0.00165882599937 0.003825 0.0
0.0284286677683 0.00365850334873 0.003825 9.0
0.0501104743931 0.00619205310193 0.003825 18.0
0.0228321686574 0.00293640407098 0.003825 27.0
0.0234665709433 0.00294057709455 0.003825 36.0
0.0473761413143 0.00592193849724 0.003825 45.0
0.0227821915369 0.0029667396064 0.003825 54.0
0.0112060025204 0.00140562243053 0.003825 63.0
0.0273114234233 0.00352252085853 0.003825 72.0
0.0441323528214 0.00548840100278 0.003825 81.0
0.00977960365953 0.00118117225629 0.003825 90.0
0.0472020220717 0.00608142827468 0.003825 99.0
0.0279899048515 0.00347898523418 0.003825 108.0
0.014529470897 0.00186887756969 0.003825 117.0
0.0146058816166 0.00182863634564 0.003825 126.0
0.0224461578026 0.00278699814322 0.003825 135.0
0.0234838645761 0.00300728723912 0.003825 144.0
0.0232692006845 0.00290129831577 0.003825 153.0
0.0478704793852 0.00618717486529 0.003825 162.0
0.0326182970714 0.00409539319115 0.003825 171.0
0.0144570603379 0.00179502850533 0.003825 180.0
0.0291180689385 0.00374787561697 0.003825 189.0
0.0500798666156 0.00618936796364 0.003825 198.0
0.0228963309451 0.00294456251459 0.003825 207.0
0.0237478614595 0.00297585686936 0.003825 216.0
0.0473964581332 0.00592424985444 0.003825 225.0
0.022768283892 0.00296466803289 0.003825 234.0
0.0112062011433 0.00140554667627 0.003825 243.0
0.0271681149634 0.00350380617967 0.003825 252.0
0.045540201808 0.00566309943618 0.003825 261.0
0.0228626511247 0.00283806542265 0.003825 270.0
0.0488616803818 0.00629597338041 0.003825 279.0
0.0476939755616 0.00597899459952 0.003825 288.0
0.0191791988914 0.00249323175495 0.003825 297.0
0.0139634383355 0.00174744543188 0.003825 306.0
0.0304991267129 0.00377108157286 0.003825 315.0
0.0232602190704 0.00297866655256 0.003825 324.0
0.0232838941752 0.00290352207313 0.003825 333.0
0.0495288976287 0.0064022844173 0.003825 342.0
0.0479925438377 0.00603097387202 0.003825 351.0
0.0284286448923 0.00365849673242 0.00384 9.0
0.0112063056129 0.00140565752826 0.00384 63.0
0.0271800842514 0.00350548323543 0.00384 72.0
0.0471636351213 0.00607637877226 0.00384 99.0
0.0146058632871 0.00182864695885 0.00384 126.0
0.0224461298174 0.00278700968287 0.00384 135.0
0.0234838521866 0.00300728652196 0.00384 144.0
0.0144570795703 0.00179502578774 0.00384 180.0
0.0228626198574 0.00283810865595 0.00384 270.0
0.0488616214355 0.00629601814667 0.00384 279.0
0.0139634064403 0.00174745203425 0.00384 306.0
0.0479925346522 0.0060309777679 0.00384 351.0
0.013313435023 0.00165945767019 0.003855 0.0
0.0284286263098 0.00365936694928 0.003855 9.0
0.0501104083014 0.00619254727274 0.003855 18.0
0.0228321778916 0.00293625717135 0.003855 27.0
0.0234665825254 0.00294015987845 0.003855 36.0
0.0473760219268 0.00592169710249 0.003855 45.0
0.0227822493418 0.00296693593394 0.003855 54.0
0.011206319177 0.00140602000887 0.003855 63.0
0.0271800448725 0.00350690402577 0.003855 72.0
0.0441002383929 0.00548684908822 0.003855 81.0
0.0102159367849 0.00123915756642 0.003855 90.0
0.0470119898512 0.00605850038206 0.003855 99.0
0.0279918411816 0.00347948870272 0.003855 108.0
0.0145294815325 0.00186878221206 0.003855 117.0
0.0146058298102 0.00182846058896 0.003855 126.0
0.0224461046507 0.00278689673606 0.003855 135.0
0.0234838229858 0.00300759624975 0.003855 144.0
0.0232691705816 0.00290192117347 0.003855 153.0
0.0478705047793 0.00618945021479 0.003855 162.0
0.0326182397654 0.00409716678125 0.003855 171.0
0.0144570035818 0.00179556263281 0.003855 180.0
0.0291180280266 0.00374873097529 0.003855 189.0
0.0500797656247 0.00618979229782 0.003855 198.0
0.0228963689531 0.00294443353701 0.003855 207.0
0.0237478463969 0.00297560448155 0.003855 216.0
0.047396416012 0.00592399706924 0.003855 225.0
0.0227683389361 0.00296495417324 0.003855 234.0
0.011206168636 0.00140595829632 0.003855 243.0
0.0271679759913 0.00350506749371 0.003855 252.0
0.0455401181239 0.00566546962154 0.003855 261.0
0.0228626175854 0.00283914718432 0.003855 270.0
0.0488615389745 0.00629733900219 0.003855 279.0
0.0476938762421 0.00597941831817 0.003855 288.0
0.0191791077783 0.00249316272503 0.003855 297.0
0.013963460753 0.00174727974062 0.003855 306.0
0.0304990664101 0.00377089879381 0.003855 315.0
0.0232602953086 0.00297882491075 0.003855 324.0
0.0232838966365 0.00290425920571 0.003855 333.0
0.0495287166419 0.00640460523257 0.003855 342.0
0.047992527422 0.00603352556843 0.003855 351.0
0.0133130738071 0.00165978867796 0.00387 0.0
0.0284280772995 0.00365985089568 0.00387 9.0
0.05010935144 0.00619333567988 0.00387 18.0
0.0228318245068 0.00293666482402 0.00387 27.0
0.0234660290423 0.00294066244131 0.00387 36.0
0.0473750898713 0.00592307884223 0.00387 45.0
0.0112060814742 0.00140647406315 0.00387 63.0
0.0271795275047 0.00350787599515 0.00387 72.0
0.0447626586583 0.00556988300468 0.00387 81.0
0.00866628239289 0.0010489741263 0.00387 90.0
0.0279916855426 0.00347997302017 0.00387 108.0
0.0145291955635 0.00186901448492 0.00387 117.0
0.0146056637663 0.00182878625292 0.00387 126.0
0.0224460541764 0.00278767471499 0.00387 135.0
0.0234837991316 0.00300858032987 0.00387 144.0
0.0232690802214 0.0029030087662 0.00387 153.0
0.0326180540643 0.00409820647024 0.00387 171.0
0.0500793599316 0.00619072316777 0.00387 198.0
0.0228962218509 0.00294492381857 0.00387 207.0
0.0237477729222 0.00297632671798 0.00387 216.0
0.0473961058373 0.00592562810488 0.00387 225.0
0.0227680109217 0.00296594063392 0.00387 234.0
0.0271676543447 0.0035062665874 0.00387 252.0
0.0455397562803 0.00566729888174 0.00387 261.0
0.0228623071976 0.00283974402282 0.00387 270.0
0.0488609436894 0.00629860863489 0.00387 279.0
0.0191788037757 0.00249361385994 0.00387 297.0
0.0139631009676 0.00174758701847 0.00387 306.0
0.0304986336187 0.00377193782897 0.00387 315.0
0.0232597277492 0.00297970315475 0.00387 324.0
0.023283425905 0.00290526443854 0.00387 333.0
0.0479914606876 0.0060351570107 0.00387 351.0
0.013313325701 0.00165906558297 0.003885 0.0
0.0284285563629 0.00365894449824 0.003885 9.0
0.0112063066808 0.00140582276572 0.003885 63.0
0.0441533457738 0.00549234310876 0.003885 81.0
0.0279900504637 0.00347925100814 0.003885 108.0
0.0145294306174 0.00186885980253 0.003885 117.0
0.0224461240265 0.00278702339157 0.003885 135.0
0.0232691248312 0.0029016276772 0.003885 153.0
0.0478704363082 0.00618835428108 0.003885 162.0
0.0144570331715 0.0017952887037 0.003885 180.0
0.0228963769026 0.00294451677922 0.003885 207.0
0.0237478590278 0.00297581085873 0.003885 216.0
0.0227682994058 0.00296485997593 0.003885 234.0
0.0228625353867 0.00283860194437 0.003885 270.0
0.0476938028505 0.00597928701844 0.003885 288.0
0.0191790779925 0.00249327136527 0.003885 297.0
0.0495286781745 0.00640352224421 0.003885 342.0
0.0479925111727 0.00603224003579 0.003885 351.0
0.013188552973 0.00164284248159 0.0039 0.0
0.0279072186737 0.00359084405594 0.0039 9.0
0.0501103971512 0.00619196244035 0.0039 18.0
0.0228321050487 0.00293641231763 0.0039 27.0
0.0234665183174 0.00294062344424 0.0039 36.0
0.0473758760807 0.00592202607842 0.0039 45.0
0.0227820965063 0.00296673439448 0.0039 54.0
0.0112059220988 0.00140560084587 0.0039 63.0
0.0273112873331 0.00352243684315 0.0039 72.0
0.0445300703079 0.00553763923494 0.0039 81.0
0.0107996423212 0.00131094591327 0.0039 90.0
0.0473758626028 0.00610403605778 0.0039 99.0
0.0279915243633 0.00347923398201 0.0039 108.0
0.0145294608619 0.00186887527373 0.0039 117.0
0.0146058144759 0.00182869090311 0.0039 126.0
0.0224461713599 0.00278710204143 0.0039 135.0
0.0234838495681 0.00300729210185 0.0039 144.0
0.0232691108641 0.00290123579929 0.0039 153.0
0.0478704112606 0.00618697765882 0.0039 162.0
0.0326182430071 0.00409527365224 0.0039 171.0
0.0144502708362 0.00179421024079 0.0039 180.0
0.029117451453 0.00374768661611 0.0039 189.0
0.0500797741191 0.00618920642456 0.0039 198.0
0.0228963307397 0.00294453813329 0.0039 207.0
0.0237478497083 0.00297591470665 0.0039 216.0
0.0473963608708 0.00592434068056 0.0039 225.0
0.0227682584433 0.00296470012988 0.0039 234.0
0.0112061832351 0.00140553789776 0.0039 243.0
0.0271679785946 0.00350371665068 0.0039 252.0
0.045551920163 0.00566435725272 0.0039 261.0
0.0228184435717 0.00283277639708 0.0039 270.0
0.0488818003622 0.00629837823411 0.0039 279.0
0.0476937856575 0.00597896545556 0.0039 288.0
0.019179118322 0.00249324941652 0.0039 297.0
0.013963384285 0.00174747422668 0.0039 306.0
0.0304990460807 0.00377118314894 0.0039 315.0
0.0232601729504 0.00297861668253 0.0039 324.0
0.023283848285 0.00290347382061 0.0039 333.0
0.049518297882 0.00640070131337 0.0039 342.0
0.0470352170877 0.00590914152281 0.0039 351.0
0.0129491950445 0.00161290838194 0.003915 0.0
0.0280866032746 0.00361426532546 0.003915 9.0
0.0497961769806 0.00615384779007 0.003915 18.0
0.0228314140057 0.00293689448341 0.003915 27.0
0.02311425325 0.00289674242621 0.003915 36.0
0.0468794043493 0.00586133670149 0.003915 45.0
0.022342567662 0.00290875185799 0.003915 54.0
0.0111348201166 0.00139638927673 0.003915 63.0
0.0268483430728 0.00346244626992 0.003915 72.0
0.0428634423057 0.0053293124518 0.003915 81.0
0.00941888322281 0.00116815250011 0.003915 90.0
0.0457528242289 0.00589506915542 0.003915 99.0
0.0471000750577 0.00590537529068 0.003915 108.0
0.0189381540041 0.00246277820394 0.003915 117.0
0.0138901495594 0.0017385039459 0.003915 126.0
0.0218851858804 0.00271790614365 0.003915 135.0
0.0231849958346 0.00296951033238 0.003915 144.0
0.0231115638644 0.00288139447094 0.003915 153.0
0.0471649457685 0.00609483287376 0.003915 162.0
0.0324541124317 0.00407456045662 0.003915 171.0
0.0144275996453 0.0017914118696 0.003915 180.0
0.029264343687 0.00376717240576 0.003915 189.0
0.050055582742 0.00618741467455 0.003915 198.0
0.0228962364361 0.00294505554881 0.003915 207.0
0.0231059750504 0.00289564623788 0.003915 216.0
0.0468565118129 0.00585829948874 0.003915 225.0
0.0223303189758 0.00290689251088 0.003915 234.0
0.0111340493452 0.00139626075057 0.003915 243.0
0.0268239234928 0.00345924403604 0.003915 252.0
0.0452392215846 0.00562530715472 0.003915 261.0
0.0217322836671 0.00269772259973 0.003915 270.0
0.0468384067785 0.00603463567208 0.003915 279.0
0.0469056756586 0.00588092761201 0.003915 288.0
0.0189197969692 0.00246002068385 0.003915 297.0
0.0137712134946 0.00172321164405 0.003915 306.0
0.0306606951153 0.00379107584939 0.003915 315.0
0.0232653302817 0.0029794596038 0.003915 324.0
0.0228236642202 0.00284542758604 0.003915 333.0
0.0465526519926 0.00601583762575 0.003915 342.0
0.0446864475434 0.00561120188415 0.003915 351.0
0.0129491953049 0.00161290834893 0.00393 0.0
0.0280865977629 0.00361427198875 0.00393 9.0
0.0497961499516 0.0061538785054 0.00393 18.0
0.0228314052181 0.00293690145151 0.00393 27.0
0.0231142394902 0.0028967593214 0.00393 36.0
0.046879363431 0.00586131884664 0.00393 45.0
0.0223425635687 0.00290875550536 0.00393 54.0
0.0111348110807 0.00139638813236 0.00393 63.0
0.0268482922055 0.00346241842974 0.00393 72.0
0.0428617960104 0.00532909668101 0.00393 81.0
0.00927507370587 0.00115126779603 0.00393 90.0
0.0456709601933 0.00588470218466 0.00393 99.0
0.0471013401348 0.00590553266146 0.00393 108.0
0.018938126805 0.00246279471001 0.00393 117.0
0.0138901230867 0.00173850825941 0.00393 126.0
0.0218851644438 0.0027178935928 0.00393 135.0
0.0231849678863 0.00296949443797 0.00393 144.0
0.023111564036 0.00288136966838 0.00393 153.0
0.0471649113516 0.00609482178752 0.00393 162.0
0.0324541314696 0.00407455957711 0.00393 171.0
0.0144275897832 0.00179140349295 0.00393 180.0
0.0292643380795 0.00376718500668 0.00393 189.0
0.0500556026242 0.00618748126501 0.00393 198.0
0.0228962646064 0.00294507784645 0.00393 207.0
0.0231059654097 0.00289566206101 0.00393 216.0
0.0468565186258 0.00585831358188 0.00393 225.0
0.022330302637 0.00290689592365 0.00393 234.0
0.0111340494961 0.00139622562346 0.00393 243.0
0.0268239233361 0.00345924571244 0.00393 252.0
0.045239161941 0.00562530076316 0.00393 261.0
0.0217322764273 0.00269772787236 0.00393 270.0
0.0468383291725 0.00603467033781 0.00393 279.0
0.0469056003968 0.0058809422696 0.00393 288.0
0.0189197492675 0.00246003546823 0.00393 297.0
0.0137711721263 0.00172320747942 0.00393 306.0
0.0306606864405 0.0037910716476 0.00393 315.0
0.023265324516 0.00297944589384 0.00393 324.0
0.0228236369205 0.0028453936487 0.00393 333.0
0.0465526199496 0.00601581666159 0.00393 342.0
0.0446864267223 0.00561118621169 0.00393 351.0
0.0228400927583 0.0028351877313 0.003945 0.0
0.0488856664999 0.0062991847479 0.003945 9.0
0.0477031543955 0.00598069787981 0.003945 18.0
0.0191855849383 0.00249445860319 0.003945 27.0
0.0139479787578 0.00174575601267 0.003945 36.0
0.0309982243387 0.00383179375541 0.003945 45.0
0.0232095816831 0.00297209578088 0.003945 54.0
0.023192655579 0.00289174109215 0.003945 63.0
0.0462876552325 0.00598014618986 0.003945 72.0
0.0275379441753 0.00342918170462 0.003945 81.0
0.00996437264801 0.00123532889358 0.003945 90.0
0.0284021947739 0.003655835726 0.003945 99.0
0.0501622912042 0.00619990783242 0.003945 108.0
0.0228960675109 0.00294493520162 0.003945 117.0
0.0238098496097 0.00298443065015 0.003945 126.0
0.0482563624733 0.00603311056327 0.003945 135.0
0.0227725252902 0.00296509558188 0.003945 144.0
0.0112064258296 0.00140546556415 0.003945 153.0
0.0271688803976 0.00350349659748 0.003945 162.0
0.0455488510799 0.00566351677597 0.003945 171.0
0.0228182775013 0.00283280043188 0.003945 180.0
0.0488811393605 0.00629872587294 0.003945 189.0
0.047683122922 0.00597829360207 0.003945 198.0
0.0191796076322 0.00249358466603 0.003945 207.0
0.0139627512509 0.00174759116125 0.003945 216.0
0.0304969355568 0.00377112699948 0.003945 225.0
0.0232594943014 0.00297837733076 0.003945 234.0
0.0232842520577 0.00290316412942 0.003945 243.0
0.0493785734864 0.00638159893035 0.003945 252.0
0.0468157005704 0.00588068687244 0.003945 261.0
0.0132218355924 0.00164675880296 0.003945 270.0
0.02806120433 0.00361105661159 0.003945 279.0
0.0501055879808 0.0061918793835 0.003945 288.0
0.0228317115465 0.00293655986229 0.003945 297.0
0.0234654550727 0.00294058383272 0.003945 306.0
0.0473733826845 0.00592182389802 0.003945 315.0
0.0227813472712 0.0029663496127 0.003945 324.0
0.0112059325754 0.00140545976394 0.003945 333.0
0.0271703141771 0.00350364735222 0.003945 342.0
0.0455840022586 0.00566793577367 0.003945 351.0
0.0217166003851 0.00269652710282 0.00396 0.0
0.04684195139 0.00603635082616 0.00396 9.0
0.0469164178372 0.00588311001418 0.00396 18.0
0.0189193170825 0.00246010552321 0.00396 27.0
0.0137701664463 0.00172315911199 0.00396 36.0
0.0286518289796 0.00354621995197 0.00396 45.0
0.022453400637 0.00287598857942 0.00396 54.0
0.023107238199 0.00288110813669 0.00396 63.0
0.0457264954886 0.00590898729703 0.00396 72.0
0.0276120351288 0.00343968832927 0.00396 81.0
0.00790395518373 0.000983203531322 0.00396 90.0
0.0291019095051 0.0037466669358 0.00396 99.0
0.0500899765603 0.00619264921331 0.00396 108.0
0.0228959012243 0.00294528229737 0.00396 117.0
0.0231003955387 0.0028946833228 0.00396 126.0
0.0471623024984 0.00589568101812 0.00396 135.0
0.0223293671438 0.00290671061599 0.00396 144.0
0.0111257474184 0.0013952039155 0.00396 153.0
0.0268358254108 0.00346123009943 0.00396 162.0
0.0452361031421 0.00562635644877 0.00396 171.0
0.0217323577377 0.00269846852727 0.00396 180.0
0.046840027174 0.00603628948782 0.00396 189.0
0.0468969589412 0.00588074262249 0.00396 198.0
0.0189151686276 0.00245964375586 0.00396 207.0
0.0137832244071 0.00172490943546 0.00396 216.0
0.0306616860917 0.00379098492297 0.00396 225.0
0.0232649255324 0.00297929341018 0.00396 234.0
0.0228234123538 0.00284552241672 0.00396 243.0
0.0465717490649 0.00601906421345 0.00396 252.0
0.0453514348071 0.00569723872483 0.00396 261.0
0.0129533857801 0.00161383039675 0.00396 270.0
0.0279297995164 0.00359481248204 0.00396 279.0
0.0497937326982 0.00615427858596 0.00396 288.0
0.0228308680715 0.0029369107991 0.00396 297.0
0.023113043268 0.00289640318121 0.00396 306.0
0.0468768802274 0.00586049910082 0.00396 315.0
0.0223388047037 0.00290795372734 0.00396 324.0
0.0111259123017 0.00139525987546 0.00396 333.0
0.0268366430344 0.003461392726 0.00396 342.0
0.0449888574416 0.0055957430265 0.00396 351.0
0.0223758985956 0.00306829053073 0.00443 0.0
0.0476512348742 0.00652472025551 0.00443 9.0
0.0310336629084 0.00396060798412 0.00443 18.0
0.0144880432391 0.00184255857703 0.00443 27.0
0.0144987015685 0.00177522940056 0.00443 36.0
0.0315231666677 0.00388412072034 0.00443 45.0
0.023449931433 0.00311728721745 0.00443 54.0
0.0232842438856 0.00315418237458 0.00443 63.0
0.048460188463 0.00700512142622 0.00443 72.0
0.00856114446702 0.00116812670563 0.00443 90.0
0.0226271013472 0.00308083448714 0.00443 99.0
0.0468907676123 0.00590855981338 0.00443 108.0
0.0231008119051 0.00293260942695 0.00443 117.0
0.023595260437 0.00289730444479 0.00443 126.0
0.0461241864261 0.00577247963286 0.00443 135.0
0.014017492341 0.00187048715157 0.00443 144.0
0.0144924508143 0.00196049699211 0.00443 153.0
0.0275771887918 0.00396755664197 0.00443 162.0
0.0224402132759 0.0030706906687 0.00443 180.0
0.047768970688 0.00652120999714 0.00443 189.0
0.0310294029259 0.00395164437228 0.00443 198.0
0.0144844261923 0.00184212404459 0.00443 207.0
0.0144967260267 0.00177807139608 0.00443 216.0
0.0315151063431 0.00389065979819 0.00443 225.0
0.0234458612496 0.00311716874493 0.00443 234.0
0.0473648221599 0.00681897952105 0.00443 252.0
0.0231189815443 0.00325163359595 0.00443 261.0
0.0145057430934 0.00198698741177 0.00443 270.0
0.052033149281 0.00654018886054 0.00443 288.0
0.0231331558889 0.00294199961885 0.00443 297.0
0.0236938891782 0.00291025406866 0.00443 306.0
0.0466742120672 0.00582984998549 0.00443 315.0
0.01189099193 0.00159236620294 0.00443 324.0
0.0144478526756 0.00194966020507 0.00443 333.0
0.027585558923 0.00396414655756 0.00443 342.0
0.0463258641712 0.00649578396825 0.00443 351.0
0.0217523497208 0.00298934140788 0.00446 0.0
0.0466857853145 0.00639570856056 0.00446 9.0
0.0306348957955 0.00390666688567 0.00446 18.0
0.0144800648566 0.00183994516674 0.00446 27.0
0.0143678737396 0.00175839935229 0.00446 36.0
0.0319649828891 0.00394221459653 0.00446 45.0
0.0233378056699 0.00310980803903 0.00446 54.0
0.0231471595439 0.0031476154332 0.00446 63.0
0.047460250161 0.00688804051975 0.00446 72.0
0.0459910159519 0.0065502012426 0.00446 81.0
0.00628718745603 0.000868165318275 0.00446 90.0
0.0265300322059 0.00362222214712 0.00446 99.0
0.0462953075054 0.00583034571076 0.00446 108.0
0.0233658981132 0.00286780281485 0.00446 126.0
0.044971454211 0.00563365149541 0.00446 135.0
0.0139774751163 0.00186987584623 0.00446 144.0
0.0144940655742 0.00196809111061 0.00446 153.0
0.0275059045155 0.0039726799291 0.00446 162.0
0.0462104222601 0.00649846189017 0.00446 171.0
0.0216698671543 0.00297127009187 0.00446 180.0
0.04667018555 0.00637357261888 0.00446 189.0
0.0306297604461 0.00389773648789 0.00446 198.0
0.0144764688145 0.00183959861505 0.00446 207.0
0.0143651204046 0.00176116924928 0.00446 216.0
0.0319582961818 0.0039491141582 0.00446 225.0
0.0233324815404 0.00310946707094 0.00446 234.0
0.0231076649277 0.00313417773748 0.00446 243.0
0.0461822227653 0.00667387211188 0.00446 252.0
0.022605560184 0.00318994876075 0.00446 261.0
0.0144841181119 0.0019879468089 0.00446 270.0
0.0288490443157 0.00394084258405 0.00446 279.0
0.0518193673612 0.00650754063726 0.00446 288.0
0.022628257664 0.00287521462346 0.00446 297.0
0.046058777233 0.00575889342824 0.00446 315.0
0.0144462858502 0.00195665235431 0.00446 333.0
0.0274767571444 0.00396398026013 0.00446 342.0
0.0228611478928 0.00310653931231 0.00449 0.0
0.0477607174157 0.00650334291457 0.00449 9.0
0.0311780271707 0.00397237429246 0.00449 18.0
0.0145128799724 0.00184744944451 0.00449 27.0
0.0144152036937 0.0017685960472 0.00449 36.0
0.0320923178122 0.00395540898751 0.00449 45.0
0.0234939446023 0.00311212596473 0.00449 54.0
0.0503813018667 0.00707646822018 0.00449 81.0
0.0069260947205 0.00095474677558 0.00449 90.0
0.0231362286687 0.0031330541525 0.00449 99.0
0.0474704062577 0.00597257645664 0.00449 108.0
0.0231010089817 0.00293601611887 0.00449 117.0
0.0236793507771 0.00291321165327 0.00449 126.0
0.0461624148107 0.00577645428196 0.00449 135.0
0.0141216758934 0.00187787093247 0.00449 144.0
0.0144626953578 0.00194185700771 0.00449 153.0
0.0276974229195 0.00394528168004 0.00449 162.0
0.046417472888 0.00643433279681 0.00449 171.0
0.0228483192792 0.00309907851527 0.00449 180.0
0.0478079394508 0.00649228531331 0.00449 189.0
0.0311736802427 0.00396438033239 0.00449 198.0
0.0145101829255 0.00184716133551 0.00449 207.0
0.0144132021587 0.00177093928765 0.00449 216.0
0.0320843614389 0.00396128853089 0.00449 225.0
0.0234903546614 0.0031120081908 0.00449 234.0
0.0232709231615 0.00312185231644 0.00449 243.0
0.0473490859752 0.00674963602363 0.00449 252.0
0.0229704545884 0.00319576861629 0.00449 261.0
0.0144917241399 0.00196725692102 0.00449 270.0
0.0289390795505 0.00392988759874 0.00449 279.0
0.0520364910539 0.00652979671308 0.00449 288.0
0.0230894929095 0.00293921006312 0.00449 297.0
0.0237657839792 0.00292447299047 0.00449 306.0
0.0470581020884 0.00587902928324 0.00449 315.0
0.0119633145779 0.00159685064715 0.00449 324.0
0.014527481139 0.00194586497771 0.00449 333.0
0.0277025936771 0.00394205739595 0.00449 342.0
0.0461549059353 0.00640130205066 0.00449 351.0
0.0498120685343 0.00626347586163 0.00452 18.0
0.0228386789564 0.00290100178337 0.00452 27.0
0.0477708860718 0.00597105162988 0.00452 45.0
0.0227126067382 0.00308210495689 0.00452 54.0
0.011351250469 0.00155282453098 0.00452 63.0
0.0433649419449 0.00611961787639 0.00452 81.0
0.00445313574972 0.000620471057439 0.00452 90.0
0.0477115028282 0.0060673812907 0.00452 108.0
0.0141368184068 0.00173380419524 0.00452 126.0
0.0222196973209 0.00276599671358 0.00452 135.0
0.0234221901886 0.00312720479751 0.00452 144.0
0.0232761793478 0.00316123425174 0.00452 153.0
0.0144702108056 0.00198212590498 0.00452 180.0
0.029174356141 0.00397773347149 0.00452 189.0
0.0229007613533 0.00290911098421 0.00452 207.0
0.023755950784 0.002917865151 0.00452 216.0
0.0477544996754 0.00597993364198 0.00452 225.0
0.0226960239481 0.00307927707981 0.00452 234.0
0.0113495182561 0.00154855442203 0.00452 243.0
0.0271623584983 0.00391719468588 0.00452 252.0
0.045853919562 0.00644177483552 0.00452 261.0
0.0223763689103 0.00306874803319 0.00452 270.0
0.0488946193491 0.00668127110624 0.00452 279.0
0.0191467033605 0.00246124246005 0.00452 297.0
0.0139680600106 0.00171320505344 0.00452 306.0
0.0232929911147 0.00315639661253 0.00452 333.0
0.0491217017383 0.00709947076094 0.00452 342.0
0.0133311194322 0.00180623309351 0.00455 0.0
0.0282674227879 0.0038266520607 0.00455 9.0
0.0501677719037 0.006288331035 0.00455 18.0
0.0228341031668 0.00290473299158 0.00455 27.0
0.0234693728979 0.00288596815398 0.00455 36.0
0.0473806879716 0.00592051453786 0.00455 45.0
0.0227952953958 0.00307276501488 0.00455 54.0
0.0112005848528 0.00151092943459 0.00455 63.0
0.0273592144369 0.00388897972537 0.00455 72.0
0.0455472866656 0.00629702017873 0.00455 81.0
0.0108905843939 0.0015067202815 0.00455 90.0
0.0490592364306 0.00663942924393 0.00455 99.0
0.0312906196519 0.0039659732123 0.00455 108.0
0.0145115386024 0.00184410900129 0.00455 117.0
0.0145934923087 0.00179511768969 0.00455 126.0
0.0226606214964 0.00281875300193 0.00455 135.0
0.0235925587176 0.00312819924075 0.00455 144.0
0.0232692124128 0.00311688129745 0.00455 153.0
0.0478866324886 0.00680287080688 0.00455 162.0
0.0326712376304 0.0045390847846 0.00455 171.0
0.0144651577798 0.00194995479897 0.00455 180.0
0.0292152369711 0.00394559291656 0.00455 189.0
0.0500982756062 0.00626968342191 0.00455 198.0
0.0228995255678 0.00291330494491 0.00455 207.0
0.0237485369199 0.00292484095262 0.00455 216.0
0.0473996167936 0.00593164419564 0.00455 225.0
0.0227781858564 0.00307006057677 0.00455 234.0
0.0111984727946 0.00150714484909 0.00455 243.0
0.0271688780075 0.00384805219528 0.00455 252.0
0.045718251893 0.00629667569433 0.00455 261.0
0.0227958269914 0.00307594798436 0.00455 270.0
0.0488727715202 0.00661364016507 0.00455 279.0
0.0477062257644 0.00605947114689 0.00455 288.0
0.0191796403457 0.00246862040352 0.00455 297.0
0.0138912562153 0.00170856832883 0.00455 306.0
0.0305996656361 0.00378124197525 0.00455 315.0
0.0232080259282 0.00306990636672 0.00455 324.0
0.0232911416296 0.00311395731349 0.00455 333.0
0.0495448255193 0.00703279294548 0.00455 342.0
0.0480043393156 0.00667791736662 0.00455 351.0
0.0131477129443 0.00181650595049 0.00458 0.0
0.0281254374025 0.00385212132212 0.00458 9.0
0.0501724084083 0.00630868241755 0.00458 18.0
0.0228360818873 0.00289750784257 0.00458 27.0
0.0234699516741 0.00287381796853 0.00458 36.0
0.0473809943439 0.00592177630117 0.00458 45.0
0.0223563717095 0.00303861396914 0.00458 54.0
0.0111444826967 0.00152975804648 0.00458 63.0
0.0273606543664 0.00398107399728 0.00458 72.0
0.0423014323931 0.00599791627879 0.00458 81.0
0.00567978162041 0.000782200572922 0.00458 90.0
0.0428561056758 0.00586646587566 0.00458 99.0
0.047802091661 0.00607737678799 0.00458 108.0
0.0191473042297 0.0024542144371 0.00458 117.0
0.014116064838 0.00172929001925 0.00458 126.0
0.022635235284 0.00281797124446 0.00458 135.0
0.0234374570334 0.00313537991004 0.00458 144.0
0.0232692374369 0.00317174346284 0.00458 153.0
0.0478916065316 0.00696032473539 0.00458 162.0
0.0326729906328 0.00465046250538 0.00458 171.0
0.0144655833605 0.00198828744745 0.00458 180.0
0.0292168586334 0.00398968951143 0.00458 189.0
0.0501029712109 0.00628697710031 0.00458 198.0
0.0229011720983 0.00290596469704 0.00458 207.0
0.0237488847872 0.0029137230244 0.00458 216.0
0.0474000168901 0.00593556527547 0.00458 225.0
0.0223405455582 0.00303584024964 0.00458 234.0
0.0111421062777 0.00152525199035 0.00458 243.0
0.0271717382352 0.00393615774748 0.00458 252.0
0.0459485983804 0.00648518364307 0.00458 261.0
0.0226128081649 0.00311167192927 0.00458 270.0
0.0488759790086 0.00668948417716 0.00458 279.0
0.0477098425252 0.00607710197321 0.00458 288.0
0.0191822331307 0.00246319803278 0.00458 297.0
0.0138980066886 0.0017028227659 0.00458 306.0
0.0304768229188 0.00376727977186 0.00458 315.0
0.02320923608 0.00309482396197 0.00458 324.0
0.0232934385149 0.0031675082731 0.00458 333.0
0.0490773196571 0.00712487767631 0.00458 342.0
0.0469032098244 0.00668314347215 0.00458 351.0
0.0232690807515 0.00324297344677 0.00461 0.0
0.0486592431836 0.00671883378575 0.00461 9.0
0.0448954121887 0.00564889273012 0.00461 18.0
0.0233303452568 0.00296249292606 0.00461 27.0
0.0235208604685 0.00288270470043 0.00461 36.0
0.0471029894644 0.00588331279605 0.00461 45.0
0.0235868215548 0.0032001859522 0.00461 54.0
0.0230306300854 0.00318654297555 0.00461 63.0
0.0154764538717 0.0022362880068 0.00461 72.0
0.0419563010926 0.00590780923181 0.00461 81.0
0.00363363744487 0.000490373387903 0.00461 90.0
0.0462305606957 0.0063108282129 0.00461 99.0
0.0478984339348 0.0060886467697 0.00461 108.0
0.0240848743661 0.00311422032669 0.00461 117.0
0.0237456924032 0.00298271964553 0.00461 126.0
0.023055586613 0.0028669319773 0.00461 135.0
0.0235013843281 0.00313491427889 0.00461 144.0
0.0232545848036 0.00315270092973 0.00461 153.0
0.0454195492935 0.00655652160606 0.00461 162.0
0.0463132929813 0.0065534851589 0.00461 171.0
0.0229413889634 0.00318879691518 0.00461 180.0
0.048282657774 0.00664566885203 0.00461 189.0
0.0452457057743 0.00568035058306 0.00461 198.0
0.0233336727084 0.00296290076829 0.00461 207.0
0.0235162975411 0.00288711697279 0.00461 216.0
0.0470899142075 0.0058922824358 0.00461 225.0
0.0235701919746 0.00319729410155 0.00461 234.0
0.0230196839879 0.00317638587959 0.00461 243.0
0.0152904084069 0.00220019923014 0.00461 252.0
0.0452862042239 0.00634939678794 0.00461 261.0
0.0225858415676 0.00309143413511 0.00461 270.0
0.0476007473953 0.00649726969461 0.00461 279.0
0.0479533626488 0.00610627722643 0.00461 288.0
0.0241167628339 0.00312364030277 0.00461 297.0
0.0233730485229 0.00293383674766 0.00461 306.0
0.0257897898008 0.00319206281499 0.00461 315.0
0.0238431116795 0.00317038551594 0.00461 324.0
0.0232466125256 0.00314434017049 0.00461 333.0
0.0453951742117 0.00654596631353 0.00461 342.0
0.0457783739721 0.00648074342134 0.00461 351.0
0.0131693611724 0.00180658314689 0.00464 0.0
0.027913312637 0.00380526606301 0.00464 9.0
0.0501256427476 0.00629303017781 0.00464 18.0
0.0228387545163 0.00290015287741 0.00464 27.0
0.0234696756141 0.00287897356055 0.00464 36.0
0.0473801454991 0.00592536073418 0.00464 45.0
0.022349332334 0.00303074402593 0.00464 54.0
0.0112119334505 0.00153090341964 0.00464 63.0
0.0271764387787 0.00392316230563 0.00464 72.0
0.0456558496905 0.00641615423471 0.00464 81.0
0.0041018017837 0.000571888266342 0.00464 90.0
0.0458378750996 0.00624593929343 0.00464 99.0
0.0471413002579 0.00598558073808 0.00464 108.0
0.0191532278241 0.00245711000316 0.00464 117.0
0.0141000490726 0.00173072629124 0.00464 126.0
0.0222479767532 0.00277076927778 0.00464 135.0
0.023445655641 0.00312912497613 0.00464 144.0
0.0232711158512 0.0031549587704 0.00464 153.0
0.0478875273522 0.00690681590302 0.00464 162.0
0.0326260825817 0.00460437975097 0.00464 171.0
0.014452803821 0.0019723992523 0.00464 180.0
0.0291233128 0.00395935293769 0.00464 189.0
0.0500929743425 0.00627725381274 0.00464 198.0
0.0229005216925 0.0029082658478 0.00464 207.0
0.0237486455183 0.00291848079166 0.00464 216.0
0.0473994015412 0.00593806263685 0.00464 225.0
0.0223337255817 0.00302811783796 0.00464 234.0
0.0112100044569 0.00152674834612 0.00464 243.0
0.0271760163434 0.00390715820163 0.00464 252.0
0.0455613249021 0.00637552143706 0.00464 261.0
0.0227530375998 0.00310819946991 0.00464 270.0
0.0488948172904 0.00666193657891 0.00464 279.0
0.0477062782042 0.00606811034999 0.00464 288.0
0.0191829253379 0.00246507773414 0.00464 297.0
0.0139649811395 0.00171375248859 0.00464 306.0
0.0305017862678 0.00377286487701 0.00464 315.0
0.0232651974706 0.00309577725629 0.00464 324.0
0.0232925489132 0.00315094501285 0.00464 333.0
0.049063411437 0.00706956463817 0.00464 342.0
0.0469079822108 0.00662689595273 0.00464 351.0
0.013138581394 0.00179226610207 0.00467 0.0
0.0281088858947 0.00382191121522 0.00467 9.0
0.0498096158777 0.00625292329701 0.00467 18.0
0.0228376517416 0.0029036697679 0.00467 27.0
0.0237600932887 0.0029181440555 0.00467 36.0
0.0473806092848 0.00592072629087 0.00467 45.0
0.0223651345893 0.00302157556434 0.00467 54.0
0.0113154958644 0.00153450025632 0.00467 63.0
0.0271683491024 0.00389159774385 0.00467 72.0
0.0447932497736 0.00624660704302 0.00467 81.0
0.00643600835728 0.000894872441497 0.00467 90.0
0.0449001763292 0.00610276482152 0.00467 99.0
0.0310632521866 0.00394209559235 0.00467 108.0
0.0144782731765 0.00183876858483 0.00467 117.0
0.0146025432908 0.00179398647184 0.00467 126.0
0.0224313574374 0.00279012212231 0.00467 135.0
0.0233245126887 0.00310148300235 0.00467 144.0
0.0232745725295 0.0031350936537 0.00467 153.0
0.047874757313 0.00685304165548 0.00467 162.0
0.0325760999886 0.00456376740304 0.00467 171.0
0.0144698756607 0.00196411695554 0.00467 180.0
0.029173454322 0.00395661139812 0.00467 189.0
0.0500659553254 0.00627446579281 0.00467 198.0
0.0229000215911 0.00291170102605 0.00467 207.0
0.0237565416184 0.00292211053198 0.00467 216.0
0.0473621582047 0.00592805031143 0.00467 225.0
0.0223504970814 0.00301925645714 0.00467 234.0
0.0112721659456 0.0015250024289 0.00467 243.0
0.0271632812985 0.00387611022858 0.00467 252.0
0.0458530495555 0.006368184107 0.00467 261.0
0.0228229937782 0.00310148754752 0.00467 270.0
0.0483439863958 0.00656988850295 0.00467 279.0
0.0470964643061 0.00599036902925 0.00467 288.0
0.0191658856868 0.00246545603155 0.00467 297.0
0.0139248753165 0.00171048183847 0.00467 306.0
0.0306644276765 0.00378888658671 0.00467 315.0
0.0232698400502 0.00308543453249 0.00467 324.0
0.0232925829845 0.00313124389373 0.00467 333.0
0.0487921443809 0.00697770168462 0.00467 342.0
0.0479216706997 0.00672135646928 0.00467 351.0
0.0129880535092 0.00178032625339 0.0047 0.0
0.0279130779294 0.00380634137215 0.0047 9.0
0.0501249299728 0.00629953791999 0.0047 18.0
0.0228387162955 0.00290279500558 0.0047 27.0
0.0234694963151 0.0028795616551 0.0047 36.0
0.0472513201791 0.00590327708824 0.0047 45.0
0.0223486988358 0.00302422904974 0.0047 54.0
0.011211897417 0.00152646137613 0.0047 63.0
0.0271871235148 0.00391407064802 0.0047 72.0
0.0428958545874 0.00601537334558 0.0047 81.0
0.0041404227153 0.000576926850531 0.0047 90.0
0.0443408879566 0.0060436686689 0.0047 99.0
0.0309797245405 0.00393442663881 0.0047 108.0
0.0144417638393 0.00183351280275 0.0047 117.0
0.0146018791078 0.0017924392477 0.0047 126.0
0.0224470165492 0.0027922556651 0.0047 135.0
0.0234879037814 0.00312804614702 0.0047 144.0
0.0232772163595 0.00314678497852 0.0047 153.0
0.0478872465144 0.00688854413463 0.0047 162.0
0.0326260748681 0.0045956540202 0.0047 171.0
0.0144528207466 0.00197101037975 0.0047 180.0
0.0291230133069 0.00396063135227 0.0047 189.0
0.0500926435312 0.00628343965401 0.0047 198.0
0.0229005381545 0.0029107877959 0.0047 207.0
0.0237486957579 0.00291880913477 0.0047 216.0
0.0468589280415 0.00586473463601 0.0047 225.0
0.0223333465148 0.00302175977353 0.0047 234.0
0.0112098170218 0.00152246384388 0.0047 243.0