720 2 5 2 20
0.0271759204198 0.00389688342349 0.0047 252.0
0.0455612559326 0.00636291313265 0.0047 261.0
0.022376052971 0.00305431481089 0.0047 270.0
0.0483140721986 0.00658450901817 0.0047 279.0
0.0477059124587 0.00607397539959 0.0047 288.0
0.0191829749801 0.00246705227019 0.0047 297.0
0.0139648416493 0.00171394487238 0.0047 306.0
0.0305018822924 0.0037690538106 0.0047 315.0
0.0232648863834 0.00308955491778 0.0047 324.0
0.0232922305308 0.00314218010857 0.0047 333.0
0.047896662616 0.00688245278414 0.0047 342.0
0.0458492251589 0.00646409734821 0.0047 351.0
0.0279120885425 0.00377599232299 0.00473 9.0
0.0228374105662 0.00290865336196 0.00473 27.0
0.0234689684038 0.00288782951928 0.00473 36.0
0.0473795507467 0.0059150879786 0.00473 45.0
0.0224689200969 0.00301956856424 0.00473 54.0
0.0112108413655 0.00150613096551 0.00473 63.0
0.0271863190254 0.00384751071809 0.00473 72.0
0.0422348028484 0.00581463254749 0.00473 81.0
0.00377903576094 0.000511056669235 0.00473 90.0
0.0461119292517 0.00623776209837 0.00473 99.0
0.0309805811834 0.00392961527872 0.00473 108.0
0.0144411175495 0.00183761634418 0.00473 117.0
0.0146015455465 0.00179715569358 0.00473 126.0
0.0224468711318 0.00278912193398 0.00473 135.0
0.0234870201971 0.00310654180362 0.00473 144.0
0.0232754321921 0.00310557572549 0.00473 153.0
0.0478838788958 0.00677432127229 0.00473 162.0
0.0326248294398 0.00451658303979 0.00473 171.0
0.0144523564572 0.00194436381471 0.00473 180.0
0.0228993368024 0.00291652202565 0.00473 207.0
0.0237486447635 0.00292635662617 0.00473 216.0
0.0473986713649 0.00592592051073 0.00473 225.0
0.0223322971641 0.00300122981407 0.00473 234.0
0.0112089591945 0.00150284943445 0.00473 243.0
0.0271742412351 0.00383274494522 0.00473 252.0
0.0455599415735 0.0062522050342 0.00473 261.0
0.0228225677153 0.00307296908735 0.00473 270.0
0.0488920026274 0.00661284071797 0.00473 279.0
0.0477032455426 0.00606392609095 0.00473 288.0
0.0191820962957 0.00247151110034 0.00473 297.0
0.0139646301643 0.00171837516496 0.00473 306.0
0.0305016777566 0.0037665699745 0.00473 315.0
0.0232639257764 0.00306950686183 0.00473 324.0
0.0232904575048 0.00310199151535 0.00473 333.0
0.0470468255631 0.00651974744424 0.00473 351.0
0.0129878575963 0.00177823466184 0.00476 0.0
0.0279129754776 0.00380360261059 0.00476 9.0
0.0501246837563 0.00629803279332 0.00476 18.0
0.0228385582533 0.00290311327212 0.00476 27.0
0.0234694031477 0.00288009734527 0.00476 36.0
0.0472511913324 0.00590328829314 0.00476 45.0
0.0223485191465 0.00302285143662 0.00476 54.0
0.0112114692866 0.00152482821569 0.00476 63.0
0.0273201724866 0.00392781982781 0.00476 72.0
0.0432517895943 0.00605613423321 0.00476 81.0
0.00416809577427 0.00058008115609 0.00476 90.0
0.0445255293843 0.00606448153171 0.00476 99.0
0.0309733825678 0.00393287528283 0.00476 108.0
0.0144418288395 0.00183372619587 0.00476 117.0
0.0146018310729 0.00179287038279 0.00476 126.0
0.022446933494 0.0027921874952 0.00476 135.0
0.0234877774295 0.00312666644312 0.00476 144.0
0.0232770421962 0.00314376903924 0.00476 153.0
0.0478869045339 0.00687967068441 0.00476 162.0
0.0326259448128 0.00458920472373 0.00476 171.0
0.0144528156066 0.00196873326041 0.00476 180.0
0.0291228069356 0.00395782488632 0.00476 189.0
0.0500921975286 0.00628215090745 0.00476 198.0
0.0229004469308 0.00291089179605 0.00476 207.0
0.023748656906 0.00291941520401 0.00476 216.0
0.0468589467052 0.00586458193385 0.00476 225.0
0.0223333707225 0.00302038922092 0.00476 234.0
0.0112096809398 0.00152099458711 0.00476 243.0
0.0271757239614 0.00389185698354 0.00476 252.0
0.0455610841628 0.00635386795897 0.00476 261.0
0.0223759751433 0.00305072978072 0.00476 270.0
0.0483138545094 0.00657992621585 0.00476 279.0
0.0477057141987 0.0060725815931 0.00476 288.0
0.0191826817853 0.00246723773314 0.00476 297.0
0.0139648641047 0.00171435653731 0.00476 306.0
0.0305017793245 0.00376901424618 0.00476 315.0
0.0232647188645 0.00308819949548 0.00476 324.0
0.0232920175843 0.00313913321305 0.00476 333.0
0.0478962802383 0.00687352849825 0.00476 342.0
0.0458489122673 0.00645505368358 0.00476 351.0
0.0129878242167 0.00177800497444 0.00479 0.0
0.0279128791363 0.00380327710475 0.00479 9.0
0.0501245175478 0.00629784430458 0.00479 18.0
0.0228385723123 0.00290324030916 0.00479 27.0
0.0234693011873 0.00288015233172 0.00479 36.0
0.0472510735058 0.00590324116473 0.00479 45.0
0.0223485729375 0.00302262301157 0.00479 54.0
0.0112114218587 0.00152467978533 0.00479 63.0
0.0273198584054 0.00392723087638 0.00479 72.0
0.0435992638793 0.00610326424765 0.00479 81.0
0.00412507316393 0.000573800765856 0.00479 90.0
0.044506800429 0.0060613991789 0.00479 99.0
0.0309734652594 0.00393274726905 0.00479 108.0
0.0144418032217 0.00183376989133 0.00479 117.0
0.0146017965578 0.00179288473584 0.00479 126.0
0.0224469217063 0.00279218640759 0.00479 135.0
0.0234877220485 0.00312648401074 0.00479 144.0
0.0232770149216 0.00314344654085 0.00479 153.0
0.0478867916497 0.00687874921243 0.00479 162.0
0.0326259468663 0.00458845762063 0.00479 171.0
0.0144527532384 0.00196848257662 0.00479 180.0
0.0291229244813 0.00395762722908 0.00479 189.0
0.0500922035094 0.00628198181914 0.00479 198.0
0.0229004261611 0.00291094604919 0.00479 207.0
0.0237486967833 0.00291942632769 0.00479 216.0
0.0468589587587 0.0058645560038 0.00479 225.0
0.0223333226319 0.00302019355468 0.00479 234.0
0.0112097612139 0.00152086646595 0.00479 243.0
0.0271757060642 0.00389127905753 0.00479 252.0
0.045561086919 0.00635287148696 0.00479 261.0
0.0223760189713 0.00305033155849 0.00479 270.0
0.0483138322539 0.00657926469361 0.00479 279.0
0.0477056646839 0.00607229823085 0.00479 288.0
0.0191827475649 0.00246724767887 0.00479 297.0
0.0139648515799 0.00171436975309 0.00479 306.0
0.0305017457127 0.00376903462485 0.00479 315.0
0.0232647359919 0.0030879948653 0.00479 324.0
0.0232919701935 0.00313884827956 0.00479 333.0
0.0478962145392 0.00687268652719 0.00479 342.0
0.045848871957 0.00645418138583 0.00479 351.0
0.0132722002814 0.00180125197562 0.00482 0.0
0.0284348120907 0.003853078146 0.00482 9.0
0.0501229058874 0.00628374505231 0.00482 18.0
0.0228376369304 0.00290437896343 0.00482 27.0
0.0234690729315 0.00288508434562 0.00482 36.0
0.0473797706772 0.00592207998256 0.00482 45.0
0.0227897222923 0.00307584157087 0.00482 54.0
0.01121077466 0.00151523404087 0.00482 63.0
0.0273192093331 0.00389257434419 0.00482 72.0
0.0431803316332 0.00598413907148 0.00482 81.0
0.00416810962169 0.000557878337867 0.00482 90.0
0.0430117675798 0.00582644876956 0.00482 99.0
0.0309671054105 0.00392446130164 0.00482 108.0
0.014441464788 0.00183488358407 0.00482 117.0
0.0146017496041 0.00179577614895 0.00482 126.0
0.0224470267336 0.00279296620166 0.00482 135.0
0.0234873444238 0.00311826596155 0.00482 144.0
0.0232761799562 0.00312418561015 0.00482 153.0
0.0478848793616 0.00681937865353 0.00482 162.0
0.0326252687229 0.00454383138953 0.00482 171.0
0.0144592967254 0.0019527246552 0.00482 180.0
0.0291227892675 0.00393650657845 0.00482 189.0
0.050090494069 0.00626936205867 0.00482 198.0
0.0228998155269 0.00291244742174 0.00482 207.0
0.023748574592 0.00292396674554 0.00482 216.0
0.0473991335784 0.00593339413947 0.00482 225.0
0.0227728819795 0.00307293052962 0.00482 234.0
0.0112094321398 0.00151173878621 0.00482 243.0
0.0271748638901 0.00385817753344 0.00482 252.0
0.0455486093671 0.00628909583646 0.00482 261.0
0.0228669890043 0.00309092829473 0.00482 270.0
0.0488728835918 0.00661964435776 0.00482 279.0
0.047704229114 0.00605981472841 0.00482 288.0
0.0191822089573 0.00246819449472 0.00482 297.0
0.013964806059 0.00171693788944 0.00482 306.0
0.0305017379324 0.00377078305595 0.00482 315.0
0.0232643829052 0.00308068153769 0.00482 324.0
0.023291099421 0.00312035116676 0.00482 333.0
0.0495446896859 0.00705010718179 0.00482 342.0
0.0480044938313 0.00669449085507 0.00482 351.0
0.0131113915512 0.00179706650783 0.00485 0.0
0.0284100798893 0.00387555509227 0.00485 9.0
0.050287490057 0.00632226577689 0.00485 18.0
0.0228379385507 0.00290304137469 0.00485 27.0
0.0234693935872 0.00287893995082 0.00485 36.0
0.0473796649568 0.00591572948746 0.00485 45.0
0.0224722506602 0.00303818907457 0.00485 54.0
0.0112053274052 0.00152438918277 0.00485 63.0
0.0271678942406 0.0039085183456 0.00485 72.0
0.0447176936946 0.00626793840465 0.00485 81.0
0.0462441641119 0.00630400660538 0.00485 99.0
0.0281775770516 0.00355181506657 0.00485 108.0
0.0145325395738 0.0018448940241 0.00485 117.0
0.0146026155773 0.00179188449602 0.00485 126.0
0.022403585738 0.00278543057779 0.00485 135.0
0.0486603452658 0.00699596698533 0.00485 162.0
0.0144115803191 0.00196562896998 0.00485 180.0
0.0500683215075 0.00628228249939 0.00485 198.0
0.0237486023587 0.00291815474785 0.00485 216.0
0.0473991828893 0.00592835449108 0.00485 225.0
0.0458532514246 0.00640114687581 0.00485 261.0
0.0223759846363 0.00305441630334 0.00485 270.0
0.0488942332601 0.00666550168159 0.00485 279.0
0.0477054392126 0.00607541245612 0.00485 288.0
0.0191825479981 0.00246707280002 0.00485 297.0
0.0139311116909 0.00170948807314 0.00485 306.0
0.0232698604748 0.00308782504555 0.00485 324.0
0.0232920656117 0.00313963759255 0.00485 333.0
0.0493065385514 0.00708165295817 0.00485 342.0
0.046923599618 0.00661502144981 0.00485 351.0
0.0129877210649 0.00176825372251 0.00488 0.0
0.027912621665 0.00379030608582 0.00488 9.0
0.0501232571876 0.00629084888845 0.00488 18.0
0.0228379537998 0.00290463117903 0.00488 27.0
0.0234692012832 0.00288325108854 0.00488 36.0
0.0472508047088 0.00590318990526 0.00488 45.0
0.022347923711 0.00301600624054 0.00488 54.0
0.0112111808423 0.00151763970273 0.00488 63.0
0.0271878916674 0.00388405720194 0.00488 72.0
0.0422408072225 0.00587344483004 0.00488 81.0
0.00581584658595 0.000789253175244 0.00488 90.0
0.044083406868 0.00598451640177 0.00488 99.0
0.0471041047052 0.00598023044364 0.00488 108.0
0.0191524739882 0.00246059124612 0.00488 117.0
0.014048043902 0.00172660557709 0.00488 126.0
0.0222478602658 0.0027672532178 0.00488 135.0
0.0234449162411 0.00311409868916 0.00488 144.0
0.0232700849186 0.00312825103457 0.00488 153.0
0.0478854359718 0.00683712300969 0.00488 162.0
0.0326254329984 0.00455857228914 0.00488 171.0
0.0144526091433 0.00195776945426 0.00488 180.0
0.0291224431684 0.00394488129479 0.00488 189.0
0.050090920029 0.00627570944326 0.00488 198.0
0.0228999097575 0.00291241800506 0.00488 207.0
0.0237485514534 0.0029222291942 0.00488 216.0
0.0468587015158 0.00586375144147 0.00488 225.0
0.0223328347738 0.0030136369496 0.00488 234.0
0.0112093236906 0.00151402543694 0.00488 243.0
0.0271749963061 0.00386798414726 0.00488 252.0
0.0455605333026 0.00631090674918 0.00488 261.0
0.0223758207612 0.00303372548768 0.00488 270.0
0.048312923409 0.00655749544011 0.00488 279.0
0.0477045071739 0.006065976423 0.00488 288.0
0.0191822802273 0.00246830801619 0.00488 297.0
0.0139647624952 0.00171599700598 0.00488 306.0
0.0305016982714 0.00376898728928 0.00488 315.0
0.0232644484139 0.00308175831715 0.00488 324.0
0.0232912994931 0.00312489708779 0.00488 333.0
0.047894804568 0.00683158222498 0.00488 342.0
0.0458480341983 0.00641175558177 0.00488 351.0
0.0129876816264 0.00177402594377 0.00491 0.0
0.0279126701523 0.00379796012072 0.00491 9.0
0.0501239068336 0.00629505643068 0.00491 18.0
0.0228382414901 0.00290378051467 0.00491 27.0
0.0234691494958 0.0028815465438 0.00491 36.0
0.0472508329606 0.00590318883981 0.00491 45.0
0.0223482017823 0.00301982755373 0.00491 54.0
0.011211142496 0.00152174594518 0.00491 63.0
0.0273193814523 0.00391704081623 0.00491 72.0
0.0434223088918 0.00606182544027 0.00491 81.0
0.00414280838828 0.000575042274142 0.00491 90.0
0.0443043058211 0.00602574133123 0.00491 99.0
0.0309736617648 0.0039314181984 0.00491 108.0
0.0144416349157 0.00183426710456 0.00491 117.0
0.0146017140513 0.00179356599896 0.00491 126.0
0.0224469657624 0.002792060879 0.00491 135.0
0.0234874886352 0.00312348647794 0.00491 144.0
0.0232766267007 0.00313752662934 0.00491 153.0
0.0478862887061 0.00686157998677 0.00491 162.0
0.0326256388662 0.00457616789729 0.00491 171.0
0.0144527350406 0.00196410804322 0.00491 180.0
0.0291226414144 0.00395241857714 0.00491 189.0
0.0500917920772 0.00627954180722 0.00491 198.0
0.0229000307041 0.00291166815036 0.00491 207.0
0.0237486599131 0.00292059808138 0.00491 216.0
0.0468588630362 0.00586424046422 0.00491 225.0
0.022333114021 0.00301746333623 0.00491 234.0
0.0112096638463 0.00151805306318 0.00491 243.0
0.0271754708919 0.00388168637788 0.00491 252.0
0.0455607867716 0.00633560317059 0.00491 261.0
0.0223759185404 0.00304351941106 0.00491 270.0
0.0483134825471 0.00657042601138 0.00491 279.0
0.0477051001531 0.00606990322005 0.00491 288.0
0.0191825927762 0.00246773224728 0.00491 297.0
0.0139648530751 0.00171499710373 0.00491 306.0
0.030501594748 0.00376899717145 0.00491 315.0
0.0232645731712 0.00308544015818 0.00491 324.0
0.0232917386488 0.00313304259699 0.00491 333.0
0.0478954615707 0.00685579021889 0.00491 342.0
0.0458483669112 0.00643666495053 0.00491 351.0
0.013188766974 0.00178921804256 0.00494 0.0
0.0280832684411 0.00380462117681 0.00494 9.0
0.0501226277446 0.00628368676322 0.00494 18.0
0.0228376430156 0.0029044800682 0.00494 27.0
0.0234690545522 0.00288505659562 0.00494 36.0
0.0473793290155 0.00592142245698 0.00494 45.0
0.0227896056756 0.00307499248037 0.00494 54.0
0.0112110650816 0.0015147150686 0.00494 63.0
0.0271874430117 0.00387243111759 0.00494 72.0
0.0420072872782 0.0058193835797 0.00494 81.0
0.00428101870323 0.000573526018519 0.00494 90.0
0.0144414042624 0.00183488478291 0.00494 117.0
0.0146016380229 0.00179575982994 0.00494 126.0
0.0224468196593 0.00279259363992 0.00494 135.0
0.0234872748192 0.00311756689373 0.00494 144.0
0.0232760206358 0.00312314917725 0.00494 153.0
0.0478847284077 0.00681686124983 0.00494 162.0
0.0326251144039 0.00454226253634 0.00494 171.0
0.0144592595348 0.00195224236698 0.00494 180.0
0.0500903811872 0.00626918456431 0.00494 198.0
0.0473990069697 0.00593277958906 0.00494 225.0
0.0227727484049 0.00307209921899 0.00494 234.0
0.0112092679399 0.00151127312712 0.00494 243.0
0.0271746263457 0.00385671006277 0.00494 252.0
0.045548400839 0.00628680334078 0.00494 261.0
0.0488726245002 0.00661872965187 0.00494 279.0
0.0477039931604 0.00605955935539 0.00494 288.0
0.0191821917955 0.00246827669525 0.00494 297.0
0.0139647314254 0.0017169571256 0.00494 306.0
0.0305016245461 0.00377049863367 0.00494 315.0
0.0232642147565 0.003079988761 0.00494 324.0
0.0232910456454 0.00311932482188 0.00494 333.0
0.0495448092061 0.00704754099442 0.00494 342.0
0.0480045020607 0.00669213876605 0.00494 351.0
0.0131113282857 0.00179215009818 0.00497 0.0
0.0284098818601 0.00386759975326 0.00497 9.0
0.0498099831132 0.00625481427161 0.00497 18.0
0.0228375818208 0.00290276044454 0.00497 27.0
0.0234692845622 0.00288047757155 0.00497 36.0
0.0472509028663 0.00590286881977 0.00497 45.0
0.0223502824273 0.0030212553562 0.00497 54.0
0.0112051955784 0.00152223700097 0.00497 63.0
0.0271867343897 0.00390225983367 0.00497 72.0
0.0465219845151 0.00650190894813 0.00497 81.0
0.00545552445755 0.000760728263977 0.00497 90.0
0.0448317387561 0.0060998089826 0.00497 99.0
0.0308920316231 0.00392070437682 0.00497 108.0
0.0144782348118 0.00183815172748 0.00497 117.0
0.014611160466 0.0017938977585 0.00497 126.0
0.0224282737491 0.00278960835257 0.00497 135.0
0.0233244530577 0.00310360558002 0.00497 144.0
0.0232734523341 0.00313986512271 0.00497 153.0
0.0484445297891 0.00694946042115 0.00497 162.0
0.0325087896221 0.00456468501039 0.00497 171.0
0.0144115168245 0.00196024445108 0.00497 180.0
0.0292461672731 0.00397064623228 0.00497 189.0
0.0500677755942 0.00627589439408 0.00497 198.0
0.0229001012319 0.00291058848802 0.00497 207.0
0.0237485963788 0.00291966280103 0.00497 216.0
0.046858953596 0.00586402781922 0.00497 225.0
0.0223351403233 0.00301898254074 0.00497 234.0
0.0112034052201 0.00151843932077 0.00497 243.0
0.0271812504266 0.00388678877638 0.00497 252.0
0.045852904429 0.00638293554946 0.00497 261.0
0.0223758454568 0.00304599337246 0.00497 270.0
0.0483135316592 0.00657269568497 0.00497 279.0
0.0477052170677 0.00606930128736 0.00497 288.0
0.0191854127078 0.00246731068998 0.00497 297.0
0.013935398071 0.00171088300565 0.00497 306.0
0.0306630823425 0.00378807991954 0.00497 315.0
0.0232697781563 0.00308721940711 0.00497 324.0
0.023291740105 0.00313581830173 0.00497 333.0
0.0478979260426 0.00686358288246 0.00497 342.0
0.0460561889024 0.00647331239853 0.00497 351.0
0.0131113467711 0.00179250815187 0.005 0.0
0.0284098973184 0.0038681621259 0.005 9.0
0.0498099159341 0.00625546972714 0.005 18.0
0.0228375619972 0.00290277648444 0.005 27.0
0.0234692732126 0.00288033047848 0.005 36.0
0.0472509015694 0.00590242198222 0.005 45.0
0.0223502179752 0.00302117307796 0.005 54.0
0.0112051881631 0.00152231221187 0.005 63.0
0.0271861683679 0.00390263288284 0.005 72.0
0.0463095526932 0.00647421651609 0.005 81.0
0.00551492172251 0.000769291375421 0.005 90.0
0.0447603457065 0.00609109548417 0.005 99.0
0.0308916312957 0.0039210406382 0.005 108.0
0.0144783095458 0.00183815598512 0.005 117.0
0.0146111235442 0.00179377580683 0.005 126.0
0.0224282356833 0.00278947719494 0.005 135.0
0.0233244102969 0.00310353811886 0.005 144.0
0.0232734776368 0.00313999776198 0.005 153.0
0.0484444750983 0.00695036259153 0.005 162.0
0.0325087044696 0.00456554795493 0.005 171.0
0.0144114728531 0.00196062348498 0.005 180.0
0.0292461787148 0.00397133505408 0.005 189.0
0.050067775992 0.00627644612122 0.005 198.0
0.0228999426009 0.00291062773143 0.005 207.0
0.0237486057915 0.00291948711879 0.005 216.0
0.0468589447291 0.00586360813186 0.005 225.0
0.0223351808975 0.00301887956205 0.005 234.0
0.0112033583343 0.00151851847393 0.005 243.0
0.02718121899 0.00388718464695 0.005 252.0
0.0458528534592 0.00638401542142 0.005 261.0
0.0223758902034 0.00304668433157 0.005 270.0
0.0483136146147 0.00657373179701 0.005 279.0
0.0477053748808 0.0060698164465 0.005 288.0
0.0191853685243 0.00246729205594 0.005 297.0
0.013935448824 0.00171083412705 0.005 306.0
0.0306630761158 0.00378779508278 0.005 315.0
0.0232696910104 0.00308708179627 0.005 324.0
0.0232917721435 0.00313587220443 0.005 333.0
0.0478977671033 0.00686446508917 0.005 342.0
0.0460561154928 0.00647450711948 0.005 351.0
0.0132404975223 0.0017790588358 0.00503 0.0
0.028136576109 0.00378870327284 0.00503 9.0
0.0501657190862 0.00627603033099 0.00503 18.0
0.0228332087053 0.00290657691585 0.00503 27.0
0.0234686790454 0.00289100819667 0.00503 36.0
0.0473795465924 0.00592317431966 0.00503 45.0
0.0227923638013 0.00306469932047 0.00503 54.0
0.0112030753095 0.00150175038372 0.00503 63.0
0.0272346608363 0.00383747439576 0.00503 72.0
0.0426009152917 0.00583116312572 0.00503 81.0
0.00426334533651 0.000565467929189 0.00503 90.0
0.0428811747147 0.00577381142886 0.00503 99.0
0.0310464666614 0.00392789822572 0.00503 108.0
0.0144920383607 0.00184328086654 0.00503 117.0
0.0146011948082 0.00179886530397 0.00503 126.0
0.0224140123402 0.00278882637775 0.00503 135.0
0.0234834185689 0.00310624188998 0.00503 144.0
0.0232638315785 0.00309760461875 0.00503 153.0
0.047885190676 0.00674581569074 0.00503 162.0
0.0326661328234 0.00449576365993 0.00503 171.0
0.0144560350957 0.00193312212487 0.00503 180.0
0.0292013049355 0.0039238826315 0.00503 189.0
0.0501048666812 0.0062595146274 0.00503 198.0
0.0228990230723 0.00291513858626 0.00503 207.0
0.0237483353522 0.00292945161997 0.00503 216.0
0.0473992825104 0.00593330068764 0.00503 225.0
0.0227758345206 0.00306180386336 0.00503 234.0
0.0112015469851 0.00149867233538 0.00503 243.0
0.027178268855 0.00381729601919 0.00503 252.0
0.04535105825 0.00618699121526 0.00503 261.0
0.0227951672875 0.00305083745137 0.00503 270.0
0.048871090422 0.00657930380356 0.00503 279.0
0.0477036190102 0.00604810037391 0.00503 288.0
0.0191801955889 0.00247006483591 0.00503 297.0
0.0138894217273 0.00171105077223 0.00503 306.0
0.0307695471232 0.00380411103486 0.00503 315.0
0.0232075606554 0.00306266984404 0.00503 324.0
0.0232899684 0.00309587162247 0.00503 333.0
0.0495422245428 0.00697451772929 0.00503 342.0
0.0480013114282 0.00661480247324 0.00503 351.0
0.0132425658857 0.0017932330126 0.00506 0.0
0.0281190395507 0.00380667532022 0.00506 9.0
0.0501671272683 0.00629129133603 0.00506 18.0
0.0234690091045 0.00288634386556 0.00506 36.0
0.0227943975781 0.00306951369468 0.00506 54.0
0.0112002114564 0.00150855053391 0.00506 63.0
0.0273579338965 0.00388318549573 0.00506 72.0
0.0423837004985 0.00585302043819 0.00506 81.0
0.00360036467253 0.000479414026507 0.00506 90.0
0.0282225138845 0.0035502604157 0.00506 108.0
0.0145318401639 0.00184746374401 0.00506 117.0
0.0224725047351 0.0027937858926 0.00506 135.0
0.0235923573469 0.00312536457416 0.00506 144.0
0.0232689312315 0.00311287161248 0.00506 153.0
0.0478862609945 0.00679463149201 0.00506 162.0
0.0326710683919 0.00453491389948 0.00506 171.0
0.0144652319348 0.00194919716045 0.00506 180.0
0.0500978559856 0.00627215207248 0.00506 198.0
0.0228996184495 0.00291424619489 0.00506 207.0
0.0237485720983 0.00292490028808 0.00506 216.0
0.0473993274947 0.00592870789524 0.00506 225.0
0.0227780655597 0.00306705345107 0.00506 234.0
0.0111983278327 0.00150519556514 0.00506 243.0
0.0271684754115 0.00384303615091 0.00506 252.0
0.0227956016967 0.00307458304934 0.00506 270.0
0.0488722616994 0.00661374949451 0.00506 279.0
0.0477057675618 0.0060616207922 0.00506 288.0
0.0191306971628 0.00246313599928 0.00506 297.0
0.0139621120217 0.00171704834877 0.00506 306.0
0.0308291817095 0.00380813046394 0.00506 315.0
0.0232075612042 0.00306706593903 0.00506 324.0
0.0232906321646 0.00311001069591 0.00506 333.0
0.0495336241686 0.00702282661764 0.00506 342.0
0.0478703971055 0.00665278132164 0.00506 351.0
0.0129873348763 0.001743175893 0.00509 0.0
0.0279121036615 0.00375848958134 0.00509 9.0
0.0500911005361 0.0062734077614 0.00509 18.0
0.0228332346644 0.00290978151395 0.00509 27.0
0.023468731932 0.00289240550748 0.00509 36.0
0.0472502516415 0.00590225525587 0.00509 45.0
0.022346419121 0.00299711179697 0.00509 54.0
0.0112099003097 0.00149816264938 0.00509 63.0
0.0273195003892 0.00383730176477 0.00509 72.0
0.0424497145492 0.00579448175994 0.00509 81.0
0.00457163731172 0.000622689056553 0.00509 90.0
0.0442184833625 0.00595403083746 0.00509 99.0
0.0310055546867 0.00392724138447 0.00509 108.0
0.0143595505809 0.00182890401057 0.00509 117.0
0.0146015292633 0.00179975534854 0.00509 126.0
0.0224468907098 0.00279022681205 0.00509 135.0
0.0234865204217 0.0030998563933 0.00509 144.0
0.0232746117284 0.00308951543214 0.00509 153.0
0.0478821009302 0.00672508152147 0.00509 162.0
0.0326241937903 0.00447955889887 0.00509 171.0
0.014452034501 0.00193062327121 0.00509 180.0
0.0291884776665 0.00392260389186 0.00509 189.0
0.0500807837835 0.00626296756936 0.00509 198.0
0.0228990432828 0.00291803808467 0.00509 207.0
0.0237484286345 0.0029306403587 0.00509 216.0
0.0468583442864 0.00586112905408 0.00509 225.0
0.0223318973236 0.00299479628278 0.00509 234.0
0.0112087112664 0.00149510252854 0.00509 243.0
0.0271773739811 0.00380577375008 0.00509 252.0
0.0453517280315 0.00617195203815 0.00509 261.0
0.0223749117237 0.00299084826669 0.00509 270.0
0.0483106908932 0.00650413808112 0.00509 279.0
0.0477017720993 0.00605380002011 0.00509 288.0
0.0191815429885 0.00247271672474 0.00509 297.0
0.0139582737183 0.00172010451472 0.00509 306.0
0.0307530196288 0.00379907150419 0.00509 315.0
0.0232090790312 0.00305657221407 0.00509 324.0
0.0232895832103 0.00308661204646 0.00509 333.0
0.0478914145703 0.00672061070709 0.00509 342.0
0.0458460846267 0.00630000730216 0.00509 351.0
0.0131046597545 0.00178314647707 0.00512 0.0
0.0279129865773 0.00379082041769 0.00512 9.0
0.0500938495603 0.00629018574192 0.00512 18.0
0.0228342937832 0.00290516248357 0.00512 27.0
0.0234689505932 0.00288304763805 0.00512 36.0
0.0473787395772 0.00591469515106 0.00512 45.0
0.022469397095 0.00302804004455 0.00512 54.0
0.0112108310709 0.00151518516903 0.00512 63.0
0.0273191923285 0.00389696261176 0.00512 72.0
0.0426361245519 0.00592120046105 0.00512 81.0
0.00657058475245 0.000857492130013 0.00512 90.0
0.0461876435236 0.00627039749199 0.00512 99.0
0.0309797037129 0.00393167588634 0.00512 108.0
0.0144413029581 0.00183536776261 0.00512 117.0
0.0146017229281 0.00179407025767 0.00512 126.0
0.0224056373545 0.00278466793166 0.00512 135.0
0.0235030031535 0.00311789006867 0.00512 144.0
0.0232727330011 0.0031238713965 0.00512 153.0
0.0486584005599 0.00693830507155 0.00512 162.0
0.0325083268885 0.00453757790554 0.00512 171.0
0.0144111356998 0.00195176989351 0.00512 180.0
0.0291274682355 0.00394600946313 0.00512 189.0
0.0500905750087 0.00627827833078 0.00512 198.0
0.0228998826687 0.00291327770394 0.00512 207.0
0.0237484964076 0.00292186347142 0.00512 216.0
0.0473986499712 0.00592646234766 0.00512 225.0
0.022332712494 0.00300994893442 0.00512 234.0
0.0112094131718 0.0015117276423 0.00512 243.0
0.0271788812196 0.00386310260567 0.00512 252.0
0.0453530571444 0.00627546135379 0.00512 261.0
0.0228191770356 0.00309290748648 0.00512 270.0
0.0488928934857 0.00663732812592 0.00512 279.0
0.0477040630068 0.00606828921726 0.00512 288.0
0.0191822613886 0.00246886653196 0.00512 297.0
0.0139584453875 0.00171498423468 0.00512 306.0
0.0307533394593 0.0037970356847 0.00512 315.0
0.023209710779 0.0030709898764 0.00512 324.0
0.0232910928311 0.00312018225809 0.00512 333.0
0.0495346288113 0.00705688511987 0.00512 342.0
0.0470471026135 0.00657442052413 0.00512 351.0
0.0281235022857 0.00381200168423 0.00515 9.0
0.0234689496275 0.00288494523123 0.00515 36.0
0.0145115613741 0.00184431080784 0.00515 117.0
0.0228996852356 0.00291351879209 0.00515 207.0
0.047399334016 0.00592810343227 0.00515 225.0
0.0131849291937 0.00177938621037 0.00518 0.0
0.0281366233536 0.0038015331046 0.00518 9.0
0.0501660567772 0.00628792180725 0.00518 18.0
0.0228334555912 0.00290730481608 0.00518 27.0
0.0234688042812 0.00288829306272 0.00518 36.0
0.0473793018145 0.00591700229311 0.00518 45.0
0.0224757156325 0.00302044456595 0.00518 54.0
0.0112033741674 0.00150438868324 0.00518 63.0
0.0274737603942 0.00388383431158 0.00518 72.0
0.04214291606 0.00579365807209 0.00518 81.0
0.00549077395109 0.000708538828305 0.00518 90.0
0.0451640468352 0.00610051774354 0.00518 99.0
0.0310126767701 0.00393012633427 0.00518 108.0
0.0144921560448 0.00184352270011 0.00518 117.0
0.0146013198187 0.00179714410336 0.00518 126.0
0.0224139957993 0.00278619524903 0.00518 135.0
0.0234833055623 0.00310660846943 0.00518 144.0
0.0232641045171 0.00310295142246 0.00518 153.0
0.047885950097 0.00676810684378 0.00518 162.0
0.0326665049096 0.00451564663286 0.00518 171.0
0.0144560635689 0.00194153692364 0.00518 180.0
0.0292015296868 0.00393666430244 0.00518 189.0
0.0501054021081 0.00627028135973 0.00518 198.0
0.0228993948887 0.00291560175652 0.00518 207.0
0.0237484590329 0.00292676092762 0.00518 216.0
0.04739929288 0.00592768709865 0.00518 225.0
0.0223390371603 0.00300232172155 0.00518 234.0
0.0112016618357 0.00150123279138 0.00518 243.0
0.027178783446 0.00382963157456 0.00518 252.0
0.0453516592647 0.00621413915128 0.00518 261.0
0.0226117335189 0.00303923764787 0.00518 270.0
0.0488716960919 0.00660086192725 0.00518 279.0
0.0477042440371 0.00605855844564 0.00518 288.0
0.019180379585 0.00247049674141 0.00518 297.0
0.0138894925965 0.00170949161646 0.00518 306.0
0.0307695134036 0.00380040233566 0.00518 315.0
0.0232076521338 0.00306274975334 0.00518 324.0
0.0232902295503 0.00310089305473 0.00518 333.0
0.0495432181218 0.00699701985457 0.00518 342.0
0.0477292604344 0.00660594650642 0.00518 351.0
0.0131851203748 0.00178960226309 0.00521 0.0
0.02813696787 0.0038150831604 0.00521 9.0
0.0501671527828 0.00629514037865 0.00521 18.0
0.0234690148238 0.00288464496296 0.00521 36.0
0.0112036461337 0.00151145374989 0.00521 63.0
0.0146013837734 0.00179500098715 0.00521 126.0
0.0234835982927 0.00311329145983 0.00521 144.0
0.0478872479368 0.00681056682358 0.00521 162.0
0.0326668174852 0.00454651728731 0.00521 171.0
0.0144562337702 0.0019525774428 0.00521 180.0
0.023748409742 0.00292335716291 0.00521 216.0
0.0473993272257 0.00592732499205 0.00521 225.0
0.011202012783 0.00150800107547 0.00521 243.0
0.0453520749413 0.00625678896927 0.00521 261.0
0.0226118135756 0.00305652982089 0.00521 270.0
0.0488723805382 0.00662369780223 0.00521 279.0
0.0477053287105 0.0060648041192 0.00521 288.0
0.0191808630413 0.00246912018372 0.00521 297.0
0.0232907754832 0.00311477683247 0.00521 333.0
0.0477298689033 0.00665128479573 0.00521 351.0
0.0131849065314 0.00178517901341 0.00524 0.0
0.0281368476669 0.00380905318628 0.00524 9.0
0.0501668619037 0.00629150177139 0.00524 18.0
0.0228336010927 0.00290617931644 0.00524 27.0
0.0234688404856 0.00288624954395 0.00524 36.0
0.0473792577403 0.00591652124035 0.00524 45.0
0.0224759132885 0.00302423956677 0.00524 54.0
0.0112036502687 0.00150858289497 0.00524 63.0
0.027474089856 0.00389827216056 0.00524 72.0
0.042444797856 0.00585920721582 0.00524 81.0
0.00646428872307 0.000838926283891 0.00524 90.0
0.0454729036039 0.00615359495939 0.00524 99.0
0.0310155132293 0.00393210822464 0.00524 108.0
0.0144923849609 0.00184257833937 0.00524 117.0
0.0146014163773 0.00179582592355 0.00524 126.0
0.0224139708787 0.00278627094514 0.00524 135.0
0.0234834312843 0.00311064651083 0.00524 144.0
0.0232645201031 0.00311136463294 0.00524 153.0
0.0478868116851 0.0067928595053 0.00524 162.0
0.032666629173 0.00453344899225 0.00524 171.0
0.014456235448 0.00194781963336 0.00524 180.0
0.0292016806744 0.00394391590658 0.00524 189.0
0.0501060251514 0.00627334888916 0.00524 198.0
0.0228995719112 0.00291430835101 0.00524 207.0
0.0237484717793 0.00292470160799 0.00524 216.0
0.0473992899204 0.00592767635656 0.00524 225.0
0.0223391721088 0.00300611130587 0.00524 234.0
0.0112017330574 0.00150520194973 0.00524 243.0
0.0271789746195 0.00384343910245 0.00524 252.0
0.0453518471687 0.00623863563634 0.00524 261.0
0.0226116845626 0.00304903788314 0.00524 270.0
0.0488720353537 0.00661358518951 0.00524 279.0
0.0477048688517 0.00606163868038 0.00524 288.0
0.0191807092414 0.00246960717735 0.00524 297.0
0.0138894748865 0.00170839001733 0.00524 306.0
0.0307694413015 0.00380014999588 0.00524 315.0
0.0232077517379 0.00306634578262 0.00524 324.0
0.0232905065253 0.00310911802237 0.00524 333.0
0.0495439549102 0.007022294136 0.00524 342.0
0.0477295105548 0.00663214841527 0.00524 351.0
0.0131916751472 0.00178333785453 0.00527 0.0
0.0281231370249 0.00380343340782 0.00527 9.0
0.0501664281289 0.00628918450703 0.00527 18.0
0.0228336350562 0.00290639913639 0.00527 27.0
0.0234686353564 0.00288713554751 0.00527 36.0
0.0473790966981 0.00591697033527 0.00527 45.0
0.0224753588111 0.0030226620859 0.00527 54.0
0.0111426629438 0.0014983787544 0.00527 63.0
0.0274699369588 0.00389133200726 0.00527 72.0
0.0422690198405 0.00582386439608 0.00527 81.0
0.00599954696198 0.000778764761969 0.00527 90.0
0.0444745733787 0.00601281312194 0.00527 99.0
0.0309671230209 0.0039248215142 0.00527 108.0
0.014511237212 0.00184510848414 0.00527 117.0
0.0145989450282 0.00179638880261 0.00527 126.0
0.0224588584584 0.00279185474104 0.00527 135.0
0.0235172009287 0.00311331288194 0.00527 144.0
0.0232686204121 0.00310843848859 0.00527 153.0
0.0478857524206 0.0067817852455 0.00527 162.0
0.0326708907857 0.00452582043086 0.00527 171.0
0.0144650474513 0.0019461271085 0.00527 180.0
0.0292148266663 0.00394194500528 0.00527 189.0
0.0500976165097 0.00627032756525 0.00527 198.0
0.022899315378 0.0029146373529 0.00527 207.0
0.023748489396 0.00292564800189 0.00527 216.0
0.0473992803113 0.0059280213048 0.00527 225.0
0.0223388286221 0.00300457148087 0.00527 234.0
0.0111405943792 0.00149506681337 0.00527 243.0
0.0271688549317 0.0038358854992 0.00527 252.0
0.0459461827721 0.00630925239982 0.00527 261.0
0.0226116683626 0.00304437067793 0.00527 270.0
0.0488718166778 0.00660718605291 0.00527 279.0
0.0477047918289 0.00605960830822 0.00527 288.0
0.0191806276339 0.00246975573579 0.00527 297.0
0.0138973985692 0.00170975738928 0.00527 306.0
0.0304759228254 0.00376430751972 0.00527 315.0
0.02320731191 0.00306483016269 0.00527 324.0
0.023290307048 0.00310563177937 0.00527 333.0
0.0495432831437 0.00701118393896 0.00527 342.0
0.0480098354333 0.00665930926077 0.00527 351.0
0.0131842853839 0.0017566622385 0.0053 0.0
0.0282657804746 0.00379090256753 0.0053 9.0
0.0501636827293 0.00627596087331 0.0053 18.0
0.047379054143 0.00591690403136 0.0053 45.0
0.0111990977487 0.00148679326439 0.0053 63.0
0.0273563165157 0.00380981232116 0.0053 72.0
0.00432480286584 0.000583968580751 0.0053 90.0
0.0439300933151 0.00589161003359 0.0053 99.0
0.0226603622841 0.00281597976642 0.0053 135.0
0.0478827122579 0.0066695928322 0.0053 162.0
0.0326697804897 0.0044466900982 0.0053 171.0
0.0292137246459 0.00391059887425 0.0053 189.0
0.0228985003731 0.00292085948184 0.0053 207.0
0.0237482122581 0.00293462633297 0.0053 216.0
0.0473989566177 0.00592605403506 0.0053 225.0
0.0111975481421 0.0014841768317 0.0053 243.0
0.0271669032478 0.00377305207554 0.0053 252.0
0.0457161813533 0.00616680680078 0.0053 261.0
0.0488696773202 0.00655348657694 0.0053 279.0
0.0477029611131 0.0060482670227 0.0053 288.0
0.0138908272237 0.00171433703905 0.0053 306.0
0.0232065126616 0.00304697768216 0.0053 324.0
0.0495401391507 0.00689618233686 0.0053 342.0
0.0480012700575 0.00654132242818 0.0053 351.0
0.0131108281699 0.00177369093636 0.00533 0.0
0.0284088677612 0.00384455556539 0.00533 9.0
0.0499153826239 0.00625987948422 0.00533 18.0
0.0228363794323 0.00290717684895 0.00533 27.0
0.0234687502458 0.00288707077768 0.00533 36.0
0.0473787318294 0.00591695016175 0.00533 45.0