720 2 5 2 20
0.0223489512058 0.00300649583075 0.00533 54.0
0.0112133495087 0.00150880297179 0.00533 63.0
0.0272524590057 0.00386271155725 0.00533 72.0
0.0442347197585 0.00610056554984 0.00533 81.0
0.00462098650399 0.000626205993798 0.00533 90.0
0.0448607144313 0.00606845233883 0.00533 99.0
0.0309515744912 0.00392411969366 0.00533 108.0
0.0144869827765 0.00184229488251 0.00533 117.0
0.0145939471313 0.00179554105622 0.00533 126.0
0.0224033534772 0.00278509943041 0.00533 135.0
0.023502600249 0.00311189614138 0.00533 144.0
0.0232720868491 0.00311002768244 0.00533 153.0
0.0486569509591 0.00689547950465 0.00533 162.0
0.0325078530021 0.00450660667172 0.00533 171.0
0.0144112959542 0.00194057773055 0.00533 180.0
0.0292451862611 0.00394835261962 0.00533 189.0
0.0500652846979 0.00626850772879 0.00533 198.0
0.0228993557886 0.00291503949213 0.00533 207.0
0.0237483450893 0.00292563728047 0.00533 216.0
0.047398769111 0.0059278988733 0.00533 225.0
0.0223343267254 0.00300450431568 0.00533 234.0
0.0112028433441 0.0015042870301 0.00533 243.0
0.0271642094336 0.00383743979418 0.00533 252.0
0.0458516690648 0.00630075303103 0.00533 261.0
0.0223753120579 0.00301487017318 0.00533 270.0
0.0488918271902 0.00661364654199 0.00533 279.0
0.0477028686527 0.00606153807982 0.00533 288.0
0.0191846699872 0.00247071639511 0.00533 297.0
0.0139351216778 0.00171439044195 0.00533 306.0
0.0306627600306 0.00378700323335 0.00533 315.0
0.0232689264806 0.00307327060049 0.00533 324.0
0.0232903542342 0.00310684835096 0.00533 333.0
0.0490833574922 0.00694993603675 0.00533 342.0
0.0464159142139 0.00644083401149 0.00533 351.0
0.0131916105392 0.00177677049709 0.00536 0.0
0.0281228180834 0.00379566340821 0.00536 9.0
0.0501654673136 0.00628718182102 0.00536 18.0
0.022833180426 0.00290841779837 0.00536 27.0
0.0234686797715 0.0028895501734 0.00536 36.0
0.0473789855702 0.0059154561289 0.00536 45.0
0.0224748335279 0.00301651458273 0.00536 54.0
0.0111423984628 0.00149257634968 0.00536 63.0
0.0274693457725 0.00387267614198 0.00536 72.0
0.0424502876024 0.00581973624451 0.00536 81.0
0.00513060158794 0.000662373695674 0.00536 90.0
0.0448431707912 0.00605085549283 0.00536 99.0
0.0309670060522 0.003924114046 0.00536 108.0
0.0145109843748 0.00184644046356 0.00536 117.0
0.0146981888353 0.00181009948021 0.00536 126.0
0.0223227027107 0.00277399846082 0.00536 135.0
0.023461016665 0.00309956017755 0.00536 144.0
0.0232715749807 0.0030971070027 0.00536 153.0
0.0481529368193 0.00678782536678 0.00536 162.0
0.0324820012928 0.00447888686463 0.00536 171.0
0.0143743429871 0.00192680616124 0.00536 180.0
0.0292212947412 0.00393533885574 0.00536 189.0
0.050096645452 0.00626874304921 0.00536 198.0
0.02289907667 0.00291664280814 0.00536 207.0
0.0237484286893 0.00292779331684 0.00536 216.0
0.0473990860112 0.0059260017755 0.00536 225.0
0.0223384294798 0.00299860005847 0.00536 234.0
0.0111405181519 0.00148954915089 0.00536 243.0
0.0271684012901 0.00381819228637 0.00536 252.0
0.0459457245819 0.00627888459564 0.00536 261.0
0.0226113862146 0.00303305265175 0.00536 270.0
0.0488712636405 0.00659427635625 0.00536 279.0
0.0477039685478 0.0060578696175 0.00536 288.0
0.0191802578554 0.00247134592301 0.00536 297.0
0.0138972594231 0.00171106893148 0.00536 306.0
0.0304757880898 0.00376343130137 0.00536 315.0
0.0232071097315 0.00305911148982 0.00536 324.0
0.0232897110137 0.00309424818922 0.00536 333.0
0.0495421990775 0.00697866204045 0.00536 342.0
0.0480092293727 0.00662752406662 0.00536 351.0
0.0131853959501 0.00180110735226 0.00539 0.0
0.0502890222788 0.0063205929147 0.00539 18.0
0.0228372579463 0.00290471560958 0.00539 27.0
0.0234688590217 0.00288073605745 0.00539 36.0
0.0112140405994 0.00151971277707 0.00539 63.0
0.0272539742557 0.00390285984266 0.00539 72.0
0.0429108085744 0.0059861016873 0.00539 81.0
0.0310301088284 0.00394119032793 0.00539 108.0
0.0144873682253 0.00184039744 0.00539 117.0
0.0145941399874 0.0017918144177 0.00539 126.0
0.0235030070052 0.00312155663498 0.00539 144.0
0.0232731297435 0.00313265252847 0.00539 153.0
0.0486591166373 0.00696525131278 0.00539 162.0
0.0325086272643 0.00455752657063 0.00539 171.0
0.0144300718992 0.00196155740314 0.00539 180.0
0.0228999611524 0.00291231538944 0.00539 207.0
0.0237485483736 0.00291970886256 0.00539 216.0
0.0473987762793 0.00592552258822 0.00539 225.0
0.0112032082534 0.00151494100144 0.00539 243.0
0.0271650862277 0.00387586837195 0.00539 252.0
0.0458352556897 0.00636988788403 0.00539 261.0
0.0228666416671 0.00311074425541 0.00539 270.0
0.0488731106585 0.00665054219448 0.00539 279.0
0.0477045039232 0.00607359637698 0.00539 288.0
0.013935240609 0.00171092030458 0.00539 306.0
0.0306627609717 0.00378481969288 0.00539 315.0
0.0232912184987 0.00312850220039 0.00539 333.0
0.0493048104849 0.00705068983237 0.00539 342.0
0.0469222979707 0.00658561805998 0.00539 351.0
0.0130824288286 0.00177743973105 0.00542 0.0
0.0281273694379 0.00381704016324 0.00542 9.0
0.0501670452739 0.00629876078033 0.00542 18.0
0.0228339392049 0.00290629432394 0.00542 27.0
0.0234687467843 0.0028844903899 0.00542 36.0
0.0473791689337 0.00591498770474 0.00542 45.0
0.0224758537651 0.00302685071651 0.00542 54.0
0.0112037304843 0.00151199222846 0.00542 63.0
0.0272358020302 0.00387739748377 0.00542 72.0
0.0430923927758 0.00597274027582 0.00542 81.0
0.00388215375453 0.000537738238912 0.00542 90.0
0.0440010565665 0.00596897652591 0.00542 99.0
0.0309931813917 0.00393318861763 0.00542 108.0
0.0144924208942 0.00184250644301 0.00542 117.0
0.0146241501739 0.00179765306193 0.00542 126.0
0.0226230714039 0.00281195867153 0.00542 135.0
0.0233652266523 0.00309796117597 0.00542 144.0
0.0232725037624 0.00311936637011 0.00542 153.0
0.0481548973374 0.00685321578018 0.00542 162.0
0.0324827183189 0.00452573866033 0.00542 171.0
0.0143854101496 0.00194537411819 0.00542 180.0
0.0292076950844 0.00395389978411 0.00542 189.0
0.050106512301 0.00627979543494 0.00542 198.0
0.0228996917651 0.00291422854251 0.00542 207.0
0.0237484559633 0.00292304643953 0.00542 216.0
0.0473991613499 0.00592652312486 0.00542 225.0
0.0223393390429 0.00300873808662 0.00542 234.0
0.0112019514441 0.00150852264261 0.00542 243.0
0.0271793738684 0.00385598904348 0.00542 252.0
0.0453636540152 0.00626456634218 0.00542 261.0
0.0228189101099 0.00308813183802 0.00542 270.0
0.0488925076921 0.00663202220482 0.00542 279.0
0.0477050850916 0.00606809995019 0.00542 288.0
0.0191808881393 0.00246948760206 0.00542 297.0
0.0138895750135 0.00170738917198 0.00542 306.0
0.0307693385143 0.00379924122233 0.00542 315.0
0.0232078002447 0.00306879834525 0.00542 324.0
0.023290665252 0.00311579882212 0.00542 333.0
0.0495296537576 0.00704306856106 0.00542 342.0
0.0478704609901 0.00667653710177 0.00542 351.0
0.0131036968001 0.00171910103938 0.00545 0.0
0.0279106691743 0.00370456621913 0.00545 9.0
0.0500874913886 0.00624082628212 0.00545 18.0
0.0228313992672 0.00291520941636 0.00545 27.0
0.0234679374563 0.00290624166249 0.00545 36.0
0.0473780449885 0.00592350069394 0.00545 45.0
0.0227863663577 0.00303372395231 0.00545 54.0
0.011208726191 0.00147202508793 0.00545 63.0
0.0271794254522 0.00372559464501 0.00545 72.0
0.046065104269 0.00611894552746 0.00545 81.0
0.00374343853033 0.000485163743951 0.00545 90.0
0.0434576762747 0.00576885468057 0.00545 99.0
0.0284887712335 0.00356458644956 0.00545 108.0
0.0145306985983 0.00185433587834 0.00545 117.0
0.014606506213 0.00180861122319 0.00545 126.0
0.0224466087147 0.00279112946441 0.00545 135.0
0.0234856505707 0.00307564513717 0.00545 144.0
0.0232724887894 0.00303634031046 0.00545 153.0
0.0478779079709 0.00656644076865 0.00545 162.0
0.0326222361076 0.00436276340743 0.00545 171.0
0.0144516489079 0.00188805714858 0.00545 180.0
0.0291199244365 0.0038598448086 0.00545 189.0
0.0500845311501 0.00623471535954 0.00545 198.0
0.0228977477152 0.00292367445787 0.00545 207.0
0.0237480459828 0.0029435831508 0.00545 216.0
0.0473981665178 0.00593081468404 0.00545 225.0
0.0225740164577 0.00300404675102 0.00545 234.0
0.0112077193903 0.00146986359475 0.00545 243.0
0.0271754068213 0.00371683081055 0.00545 252.0
0.045349632158 0.00600986548013 0.00545 261.0
0.0228176691704 0.00298241804855 0.00545 270.0
0.0488877408645 0.00649059167826 0.00545 279.0
0.0476982982691 0.00602481461008 0.00545 288.0
0.0191804544323 0.00247696920029 0.00545 297.0
0.013957894508 0.00172762762601 0.00545 306.0
0.0307524878568 0.00380241695374 0.00545 315.0
0.0232079502723 0.00303479313135 0.00545 324.0
0.0232875446183 0.00303505303328 0.00545 333.0
0.0495269737503 0.00678985327605 0.00545 342.0
0.0470423235862 0.00629724570251 0.00545 351.0
0.013197370482 0.00174009604032 0.00548 0.0
0.0281847748089 0.00375239147805 0.00548 9.0
0.0501621047804 0.0062555029032 0.00548 18.0
0.022831614806 0.00291342883379 0.00548 27.0
0.0234678937799 0.00290300544332 0.00548 36.0
0.0473783071354 0.00592354272447 0.00548 45.0
0.0227797924202 0.00303901611495 0.00548 54.0
0.0112516611877 0.0014836940371 0.00548 63.0
0.0271790754607 0.00374707924059 0.00548 72.0
0.0457279744533 0.00611207983151 0.00548 81.0
0.0033732605309 0.000438182479672 0.00548 90.0
0.0440941731048 0.00587100027985 0.00548 99.0
0.0284855834234 0.00356658565374 0.00548 108.0
0.0145308025344 0.00185311995691 0.00548 117.0
0.0146065160773 0.00180680577049 0.00548 126.0
0.0224465829983 0.00279151630671 0.00548 135.0
0.023485823282 0.00308207997077 0.00548 144.0
0.0232730448592 0.00304940761821 0.00548 153.0
0.0478813901412 0.0066040148232 0.00548 162.0
0.032664492866 0.00439455801469 0.00548 171.0
0.0144555211067 0.00189770988764 0.00548 180.0
0.0292000501571 0.00388176366416 0.00548 189.0
0.0501015683094 0.00624153726415 0.00548 198.0
0.0228978623023 0.00292190263639 0.00548 207.0
0.0237481329392 0.00294055570911 0.00548 216.0
0.0473983941774 0.00593150023127 0.00548 225.0
0.0227640246239 0.00303662029425 0.00548 234.0
0.01125003253 0.00148138847363 0.00548 243.0
0.0271752532316 0.00373751359502 0.00548 252.0
0.0453494585184 0.00604644574834 0.00548 261.0
0.0227946374494 0.00299419919583 0.00548 270.0
0.0483256974565 0.00643435394869 0.00548 279.0
0.0470877970467 0.00595223310912 0.00548 288.0
0.0191635726976 0.00247324689297 0.00548 297.0
0.0138927684695 0.00171804534776 0.00548 306.0
0.0307689601692 0.00380445113759 0.00548 315.0
0.0232064497323 0.00304044933352 0.00548 324.0
0.0232879641956 0.00304767489913 0.00548 333.0
0.0495237388049 0.00682727974432 0.00548 342.0
0.0481824525199 0.00649055619641 0.00548 351.0
0.01310410325 0.0017500459546 0.00551 0.0
0.0501187138328 0.00626886432251 0.00551 18.0
0.0228359549369 0.0029108905377 0.00551 27.0
0.0234682188087 0.00289489032258 0.00551 36.0
0.0473781830446 0.0059190968987 0.00551 45.0
0.0112097566682 0.0014928039934 0.00551 63.0
0.0271791278579 0.00379820039006 0.00551 72.0
0.0449682642913 0.00610402657996 0.00551 81.0
0.00321111372958 0.000426328393793 0.00551 90.0
0.0458028377082 0.00614785367462 0.00551 99.0
0.0144404704652 0.00183945099073 0.00551 117.0
0.0146012904382 0.00180108527968 0.00551 126.0
0.0224054657375 0.00278534808499 0.00551 135.0
0.0235020199467 0.00309701810798 0.00551 144.0
0.0232707074256 0.00307818732709 0.00551 153.0
0.0325065370591 0.00443866848138 0.00551 171.0
0.0144107374944 0.0019161129109 0.00551 180.0
0.0291263894802 0.00390225751157 0.00551 189.0
0.0500869423086 0.00625645237076 0.00551 198.0
0.0228985229019 0.00291863392472 0.00551 207.0
0.023748229396 0.00293295859324 0.00551 216.0
0.0473982940319 0.00592849112611 0.00551 225.0
0.0112082747855 0.00148999708006 0.00551 243.0
0.0271728689402 0.00378655414022 0.00551 252.0
0.0488899377619 0.0065620584254 0.00551 279.0
0.0191810354835 0.00247308919685 0.00551 297.0
0.0139642508172 0.00172226211459 0.00551 306.0
0.0305009016736 0.00376902031177 0.00551 315.0
0.0232629658698 0.00305918918201 0.00551 324.0
0.0232889074117 0.00307607021449 0.00551 333.0
0.0495300676304 0.00691817007021 0.00551 342.0
0.0470443059194 0.00643046965434 0.00551 351.0
0.0220258225481 0.00295617485282 0.00554 0.0
0.0200415956594 0.00247578774458 0.00554 36.0
0.0423903024759 0.00581070000748 0.00554 81.0
0.0153061334136 0.00202542961711 0.00554 144.0
0.0147979846079 0.00197007924151 0.00554 153.0
0.015392481196 0.00206248548509 0.00554 180.0
0.0297507850808 0.00400784468514 0.00554 189.0
0.0153628578394 0.00195859917732 0.00554 207.0
0.0259323185849 0.00322063251402 0.00554 315.0
0.0159940471185 0.00211022964205 0.00554 324.0
0.0152454286073 0.0020279241048 0.00554 333.0
0.0132192069161 0.00178378262112 0.00557 0.0
0.0281364236125 0.00380072055805 0.00557 9.0
0.050165857402 0.00628629015276 0.00557 18.0
0.0228332657621 0.00290686458287 0.00557 27.0
0.0234684824811 0.00288851752133 0.00557 36.0
0.0473787102174 0.00591859477196 0.00557 45.0
0.0227920916651 0.00306563302595 0.00557 54.0
0.0112032371929 0.0015050439009 0.00557 63.0
0.0274732300364 0.00388487934069 0.00557 72.0
0.0428589155001 0.00589309139182 0.00557 81.0
0.00940845552001 0.00128968846978 0.00557 90.0
0.0478691363627 0.00646473744924 0.00557 99.0
0.0310316094292 0.00393137866044 0.00557 108.0
0.0144920524894 0.00184312689262 0.00557 117.0
0.0146012360308 0.00179731558586 0.00557 126.0
0.0224139242827 0.00278697952961 0.00557 135.0
0.0234834136696 0.00310801727082 0.00557 144.0
0.0232640302401 0.00310440719554 0.00557 153.0
0.0478858029434 0.00677053826338 0.00557 162.0
0.0326663296965 0.00451628684842 0.00557 171.0
0.0144560374733 0.00194145312095 0.00557 180.0
0.0292013943182 0.00393570869672 0.00557 189.0
0.0501052824813 0.00626851415189 0.00557 198.0
0.0228991021331 0.00291509937206 0.00557 207.0
0.0237483648179 0.00292689385725 0.00557 216.0
0.0473991034784 0.0059293183567 0.00557 225.0
0.0227760490371 0.00306337588832 0.00557 234.0
0.0112017677023 0.00150183404721 0.00557 243.0
0.027179691394 0.00383105614765 0.00557 252.0
0.0453519170747 0.00621504153112 0.00557 261.0
0.0227952318786 0.00306396818841 0.00557 270.0
0.048871549966 0.0065994813839 0.00557 279.0
0.0477040176667 0.00605694284329 0.00557 288.0
0.0191804285393 0.00247018625453 0.00557 297.0
0.0138894199687 0.00170956589026 0.00557 306.0
0.0307691838126 0.00380142329785 0.00557 315.0
0.0232074310971 0.00306395690583 0.00557 324.0
0.0232899314226 0.0031023393495 0.00557 333.0
0.0495425122982 0.00699951306169 0.00557 342.0
0.0480011377965 0.00664504347784 0.00557 351.0
0.0131106441191 0.00175613957345 0.0056 0.0
0.0284079833737 0.00382071134086 0.0056 9.0
0.0502820545979 0.0062933584005 0.0056 18.0
0.0228354776432 0.00290987769265 0.0056 27.0
0.0234682955655 0.0028930149183 0.0056 36.0
0.0473782270172 0.0059181077811 0.0056 45.0
0.0224697819376 0.00301135908842 0.0056 54.0
0.0112126969339 0.00149664034897 0.0056 63.0
0.0272508708473 0.00382009559607 0.0056 72.0
0.0421057942567 0.00573545114129 0.0056 81.0
0.00884641855244 0.00118874476954 0.0056 90.0
0.0440663112321 0.00592560538341 0.0056 99.0
0.0309909553384 0.00392247312826 0.0056 108.0
0.0144865528201 0.00184434442625 0.0056 117.0
0.0145937038934 0.00179893482368 0.0056 126.0
0.022403211757 0.00278497451003 0.0056 135.0
0.0235020879684 0.00310025788919 0.0056 144.0
0.0232710310745 0.00308523946678 0.0056 153.0
0.0486546788656 0.00682152811026 0.0056 162.0
0.0325068840156 0.00445399694705 0.0056 171.0
0.0144109920473 0.00192166321463 0.0056 180.0
0.0292444270781 0.00392501901253 0.0056 189.0
0.0500633853907 0.00625707422749 0.0056 198.0
0.0228985912001 0.00291778800466 0.0056 207.0
0.0237482865044 0.00293118500563 0.0056 216.0
0.0473986383655 0.00592793759441 0.0056 225.0
0.0223337934625 0.00299336404322 0.0056 234.0
0.0112022345254 0.0014925011529 0.0056 243.0
0.0271639310356 0.00379685501468 0.0056 252.0
0.0458520337037 0.00622667131268 0.0056 261.0
0.0223748500478 0.00298517848861 0.0056 270.0
0.0488903359589 0.00657395667178 0.0056 279.0
0.0477010147491 0.00604992014819 0.0056 288.0
0.0191840272849 0.00247285584997 0.0056 297.0
0.0139349797489 0.00171756092438 0.0056 306.0
0.030662412163 0.00378773951175 0.0056 315.0
0.0232683906548 0.00306270426796 0.0056 324.0
0.0232891194388 0.00308279107914 0.0056 333.0
0.0493002719861 0.0069070209764 0.0056 342.0
0.0469197564652 0.00643543933144 0.0056 351.0
0.0131105208586 0.00175434221261 0.00563 0.0
0.0284080308572 0.00381839987964 0.00563 9.0
0.0502818132204 0.00629230036266 0.00563 18.0
0.0228354589367 0.00291022773935 0.00563 27.0
0.0234682252676 0.0028935834416 0.00563 36.0
0.0473781375203 0.00591793629328 0.00563 45.0
0.0224697054132 0.00300997566833 0.00563 54.0
0.011212631125 0.0014952592997 0.00563 63.0
0.0272508854052 0.00381560871065 0.00563 72.0
0.0418778235703 0.00569652016053 0.00563 81.0
0.00892957270139 0.0011975581222 0.00563 90.0
0.0445041483149 0.00598063241555 0.00563 99.0
0.0309741234348 0.00391983434207 0.00563 108.0
0.0144864351595 0.00184457247024 0.00563 117.0
0.0145936621946 0.00179931219251 0.00563 126.0
0.0224032394303 0.00278477511054 0.00563 135.0
0.0235020499144 0.00309876730232 0.00563 144.0
0.0232708598329 0.00308245983565 0.00563 153.0
0.0486545325088 0.00681368832266 0.00563 162.0
0.0325068251767 0.00444852685017 0.00563 171.0
0.0144109262136 0.00191980469392 0.00563 180.0
0.0292443157442 0.00392278301864 0.00563 189.0
0.0500631341627 0.00625612031925 0.00563 198.0
0.0228985578478 0.0029181541821 0.00563 207.0
0.0237482943253 0.00293175897769 0.00563 216.0
0.0473984885131 0.00592767860704 0.00563 225.0
0.0223336658629 0.00299205821214 0.00563 234.0
0.0112022293409 0.00149116813463 0.00563 243.0
0.0271638412169 0.00379249780399 0.00563 252.0
0.0458519747477 0.00621902915743 0.00563 261.0
0.0223747878589 0.00298222942592 0.00563 270.0
0.0488900309914 0.00657015418168 0.00563 279.0
0.047700871336 0.00604909971437 0.00563 288.0
0.0191839552818 0.00247317138689 0.00563 297.0
0.0139349989912 0.00171789940089 0.00563 306.0
0.0306622876021 0.00378772500706 0.00563 315.0
0.0232682047556 0.00306143078058 0.00563 324.0
0.0232890009325 0.00308009512887 0.00563 333.0
0.0492999595136 0.00689907357462 0.00563 342.0
0.0469197213643 0.00642763035573 0.00563 351.0
0.0131773013539 0.00176056376341 0.00566 0.0
0.0281881140189 0.00378528913213 0.00566 9.0
0.0498048283021 0.00623036804341 0.00566 18.0
0.0228352864502 0.00291080419675 0.00566 27.0
0.0234681059543 0.00289447661914 0.00566 36.0
0.0473781238315 0.00591798867676 0.00566 45.0
0.0227863267079 0.00305212325142 0.00566 54.0
0.0112125490055 0.00149332354242 0.00566 63.0
0.0272511456524 0.00380936328982 0.00566 72.0
0.0419595844555 0.00569792823321 0.00566 81.0
0.00903122492455 0.00121094887665 0.00566 90.0
0.0443717681928 0.0059575258388 0.00566 99.0
0.0308870100173 0.00390820006778 0.00566 108.0
0.0144769215749 0.00184378178998 0.00566 117.0
0.0145937383668 0.00179985082186 0.00566 126.0
0.0224032804757 0.00278470894406 0.00566 135.0
0.0235020000463 0.00309700877613 0.00566 144.0
0.0232707597079 0.00307884212446 0.00566 153.0
0.0486543431098 0.00680277004233 0.00566 162.0
0.0325066911684 0.00444085899566 0.00566 171.0
0.0144108872804 0.00191709793808 0.00566 180.0
0.0292442542752 0.00391960810617 0.00566 189.0
0.0500628431567 0.00625446811207 0.00566 198.0
0.0228984814189 0.00291859034911 0.00566 207.0
0.0237482588808 0.00293255523036 0.00566 216.0
0.0473984915295 0.00592761417802 0.00566 225.0
0.0225771555914 0.0030230097473 0.00566 234.0
0.0112021879343 0.0014893573465 0.00566 243.0
0.0271636886995 0.00378643960906 0.00566 252.0
0.0458518110567 0.00620809661539 0.00566 261.0
0.0228215312218 0.00303772459857 0.00566 270.0
0.0488898014922 0.00656447311702 0.00566 279.0
0.0477005569537 0.0060475549201 0.00566 288.0
0.0191839327898 0.00247346083906 0.00566 297.0
0.0139349190156 0.00171837325026 0.00566 306.0
0.0306623556853 0.00378773900373 0.00566 315.0
0.0232680417099 0.00305981518535 0.00566 324.0
0.0232888115829 0.00307647918379 0.00566 333.0
0.0495259368774 0.0069200123614 0.00566 342.0
0.0483240865893 0.00661031662119 0.00566 351.0
0.0131043055868 0.00176696424459 0.00569 0.0
0.027911180391 0.00376980382407 0.00569 9.0
0.0501202352031 0.00628316630522 0.00569 18.0
0.0228367216229 0.00290844306834 0.00569 27.0
0.0234684832057 0.0028887851476 0.00569 36.0
0.0473779236617 0.00591510983256 0.00569 45.0
0.0223463590543 0.00300105881928 0.00569 54.0
0.0112103600573 0.00150355955299 0.00569 63.0
0.0271857143338 0.00383796765188 0.00569 72.0
0.0420796672066 0.00577832583756 0.00569 81.0
0.00481972910495 0.000635290252758 0.00569 90.0
0.044914598138 0.00606515818013 0.00569 99.0
0.031045599973 0.00393484139089 0.00569 108.0
0.0144407902247 0.00183748297576 0.00569 117.0
0.0146014794765 0.00179764700094 0.00569 126.0
0.0224466600325 0.0027892913483 0.00569 135.0
0.0234865281727 0.003104492462 0.00569 144.0
0.023274896258 0.00310077135124 0.00569 153.0
0.0478829357738 0.00675929496677 0.00569 162.0
0.0326243265919 0.00450494071755 0.00569 171.0
0.0144523990526 0.00193984223457 0.00569 180.0
0.029121470122 0.00392458443959 0.00569 189.0
0.0500886174719 0.0062689927267 0.00569 198.0
0.0228991160997 0.00291617393761 0.00569 207.0
0.0237482959822 0.00292699938715 0.00569 216.0
0.0473982705109 0.00592594939741 0.00569 225.0
0.022331920942 0.00299917534479 0.00569 234.0
0.011208859847 0.00150047213685 0.00569 243.0
0.0271745185248 0.00382427888432 0.00569 252.0
0.0455604056373 0.00623595169921 0.00569 261.0
0.0223750718189 0.00300516986807 0.00569 270.0
0.0488911093899 0.00660182187315 0.00569 279.0
0.0477020717405 0.00605906701844 0.00569 288.0
0.0191815198194 0.00247129520436 0.00569 297.0
0.0139644294162 0.00171885522612 0.00569 306.0
0.0305007486862 0.00376671794589 0.00569 315.0
0.0232632594259 0.00306765714646 0.00569 324.0
0.0232897224417 0.00309738669859 0.00569 333.0
0.0490578013665 0.00691966575333 0.00569 342.0
0.0469045768926 0.00648272797852 0.00569 351.0
0.0131040287227 0.00174714576271 0.00572 0.0
0.0279104477732 0.00374286049456 0.00572 9.0
0.0501183589731 0.00626720664574 0.00572 18.0
0.0228358495656 0.00291149463219 0.00572 27.0
0.0234680418133 0.00289594076563 0.00572 36.0
0.0473776522394 0.00591869490246 0.00572 45.0
0.0224672996207 0.00300590881684 0.00572 54.0
0.0112097033626 0.00149063523442 0.00572 63.0
0.0271832251501 0.00379147113211 0.00572 72.0
0.0420421225034 0.00569400051075 0.00572 81.0
0.00892289501754 0.00119461046691 0.00572 90.0
0.0451719333546 0.00605787831875 0.00572 99.0
0.0310098953861 0.00392221263052 0.00572 108.0
0.0144402905106 0.00183976408017 0.00572 117.0
0.0146012784811 0.0018018426405 0.00572 126.0
0.0224466361063 0.0027901150016 0.00572 135.0
0.0234861647283 0.00309273974974 0.00572 144.0
0.0232739421872 0.00307424091964 0.00572 153.0
0.0478805987419 0.00667963830524 0.00572 162.0
0.0326235019333 0.00444611979418 0.00572 171.0
0.0144520780383 0.00191836384905 0.00572 180.0
0.0291206282455 0.0038979806985 0.00572 189.0
0.0500866645026 0.00625505288639 0.00572 198.0
0.022898448812 0.0029192890132 0.00572 207.0
0.0237482423544 0.00293383467538 0.00572 216.0
0.0473982590702 0.00592802452507 0.00572 225.0
0.0223314147388 0.00298794324929 0.00572 234.0
0.0112082705331 0.00148788921265 0.00572 243.0
0.0271734075461 0.00377963291653 0.00572 252.0
0.0455594386615 0.00615390224526 0.00572 261.0
0.0223745819183 0.00297173243758 0.00572 270.0
0.0488896207531 0.00655601162856 0.00572 279.0
0.0477001550831 0.00604501804192 0.00572 288.0
0.0191810408746 0.00247357830642 0.00572 297.0
0.0139642433364 0.00172278261357 0.00572 306.0
0.0305006739685 0.00376887330828 0.00572 315.0
0.0232628189786 0.00305708599013 0.00572 324.0
0.0232886267553 0.00307181361579 0.00572 333.0
0.0495293936155 0.00690551907598 0.00572 342.0
0.0470439353154 0.00641787772771 0.00572 351.0
0.0131041690664 0.00175836099422 0.00575 0.0
0.0279109569747 0.00375835811277 0.00575 9.0
0.0501192287655 0.00627694164235 0.00575 18.0
0.0228362815966 0.00290996139356 0.00575 27.0
0.0234682698822 0.00289179767549 0.00575 36.0
0.0473777499434 0.00591584626896 0.00575 45.0
0.0227874848834 0.00305579851632 0.00575 54.0
0.0112099902869 0.00149745133147 0.00575 63.0
0.0271838604107 0.00381681954712 0.00575 72.0
0.0427389054037 0.00583283727292 0.00575 81.0
0.00528968638841 0.000691078996416 0.00575 90.0
0.0446940427172 0.00601685326184 0.00575 99.0
0.0284244987126 0.00357171243441 0.00575 108.0
0.0145312380706 0.00184988053396 0.00575 117.0
0.0146075379553 0.00180024952767 0.00575 126.0
0.0224308646334 0.00278735086214 0.00575 135.0
0.023323244512 0.00307759492427 0.00575 144.0
0.0232722733035 0.00308807251276 0.00575 153.0
0.0478705699776 0.00672167760317 0.00575 162.0
0.0325743569595 0.00447197124166 0.00575 171.0
0.0144361637817 0.00192819633725 0.00575 180.0
0.0290048762077 0.00389762591949 0.00575 189.0
0.0500923461933 0.00626404826993 0.00575 198.0
0.0228988061385 0.00291765767117 0.00575 207.0
0.0237482385915 0.00292990751432 0.00575 216.0
0.047398210842 0.00592604630429 0.00575 225.0
0.0225750623779 0.00302635345265 0.00575 234.0
0.0112085856463 0.00149468622328 0.00575 243.0
0.0271739652601 0.0038040966818 0.00575 252.0
0.0455600040862 0.00619933478166 0.00575 261.0
0.0228219155477 0.00305060392656 0.00575 270.0
0.0488904116365 0.00658226316503 0.00575 279.0
0.0477012182872 0.00605348755852 0.00575 288.0
0.0191812699557 0.00247239180586 0.00575 297.0
0.0139643537864 0.0017204209808 0.00575 306.0
0.0305007050536 0.00376718599463 0.00575 315.0
0.0232630354785 0.00306255836224 0.00575 324.0
0.0232891699213 0.00308539756217 0.00575 333.0
0.0495306465779 0.00694996066405 0.00575 342.0
0.047044504104 0.00646519126888 0.00575 351.0
0.0131039531781 0.00175113174703 0.00578 0.0
0.0279106333883 0.00374827199348 0.00578 9.0
0.0501186875736 0.00627065663783 0.00578 18.0
0.0228359426925 0.00291090212533 0.00578 27.0
0.0234681271094 0.00289428395502 0.00578 36.0
0.0473777398562 0.00591740001875 0.00578 45.0
0.0223455630616 0.00299169388395 0.00578 54.0
0.0112097525889 0.00149298949819 0.00578 63.0
0.0271832915719 0.00380032687269 0.00578 72.0
0.0427330226808 0.00580346549983 0.00578 81.0
0.00230901909277 0.000307586691476 0.00578 90.0
0.0446890229648 0.00600052389637 0.00578 99.0
0.0284241903764 0.00356861006278 0.00578 108.0
0.0145311614589 0.00185064406852 0.00578 117.0
0.0146075231236 0.00180174641613 0.00578 126.0
0.0224307669784 0.00278782969625 0.00578 135.0
0.0233231031725 0.00307363191529 0.00578 144.0
0.0232719555484 0.00307891383808 0.00578 153.0
0.0478695493493 0.00669337274318 0.00578 162.0
0.0325740709232 0.00445074884559 0.00578 171.0
0.0144361308989 0.00192042081655 0.00578 180.0
0.0290044920866 0.00388771076121 0.00578 189.0
0.0500917186286 0.00625851652011 0.00578 198.0
0.0228985454994 0.00291860215694 0.00578 207.0
0.0237481742551 0.00293238609836 0.00578 216.0
0.0473981867135 0.00592713857911 0.00578 225.0
0.0223314722921 0.00298987018621 0.00578 234.0
0.0112083802513 0.00149024610565 0.00578 243.0
0.0271735884833 0.0037882611763 0.00578 252.0
0.0455596801985 0.00616984387639 0.00578 261.0
0.0228216259725 0.00303817027456 0.00578 270.0
0.0488897759568 0.00656528662861 0.00578 279.0
0.0477006353626 0.00604795577442 0.00578 288.0
0.0191811682568 0.0024730174773 0.00578 297.0
0.0139642371924 0.00172191168222 0.00578 306.0
0.0305007785217 0.00376824388236 0.00578 315.0
0.0232628649909 0.0030589446417 0.00578 324.0
0.0232887880598 0.00307647831352 0.00578 333.0
0.0490559032763 0.006854434779 0.00578 342.0
0.0469033045549 0.00641431705804 0.00578 351.0
0.0131906599548 0.00176211783877 0.00581 0.0
0.0279106592083 0.003747488442 0.00581 9.0
0.0501184258147 0.00627013735537 0.00581 18.0
0.022835915643 0.00291099532033 0.00581 27.0
0.0234680566414 0.00289454962553 0.00581 36.0
0.0473778005222 0.00591736394943 0.00581 45.0
0.0227871470466 0.00305162045389 0.00581 54.0
0.011209715032 0.00149242265827 0.00581 63.0
0.0271844161193 0.00379881937047 0.00581 72.0
0.042150585516 0.00572183430628 0.00581 81.0
0.00760538758741 0.00102271257654 0.00581 90.0
0.0444468574274 0.00596739514785 0.00581 99.0
0.028423293824 0.00356836227555 0.00581 108.0
0.0145310261846 0.00185083302865 0.00581 117.0
0.0146137557509 0.00180240901932 0.00581 126.0
0.0224053779211 0.00278471958416 0.00581 135.0
0.0235019148522 0.00309636808706 0.00581 144.0
0.0232706770166 0.00307771527836 0.00581 153.0
0.0486540997746 0.00680022683425 0.00581 162.0
0.0325065424288 0.0044393453689 0.00581 171.0
0.0144106083613 0.00191661210195 0.00581 180.0
0.029126239212 0.00390320539294 0.00581 189.0
0.0500869520414 0.0062575072359 0.00581 198.0
0.0228985816217 0.00291871680615 0.00581 207.0
0.023748209934 0.0029325373765 0.00581 216.0
0.0473981599728 0.00592707131025 0.00581 225.0
0.0227714950629 0.00304936628435 0.00581 234.0
0.0112083430988 0.00148975390634 0.00581 243.0
0.0271736374445 0.00378659908319 0.00581 252.0
0.0455594617043 0.00616698670332 0.00581 261.0
0.0228216535003 0.00303704404088 0.00581 270.0
0.0488896939687 0.00656366786649 0.00581 279.0
0.0477005176461 0.00604749506398 0.00581 288.0
0.0191811167591 0.00247311285495 0.00581 297.0
0.0139642134785 0.00172201825213 0.00581 306.0
0.0305006786163 0.0037682181789 0.00581 315.0
0.0232627765446 0.00305830274521 0.00581 324.0
0.0232887838248 0.00307544369751 0.00581 333.0
0.0495297105686 0.00691811533207 0.00581 342.0
0.0470441294839 0.00643150503585 0.00581 351.0
0.0129869365318 0.00173723283496 0.00584 0.0
0.0279114327468 0.00375037266449 0.00584 9.0
0.0500896950659 0.00626857355668 0.00584 18.0
0.0228324180064 0.00291056820851 0.00584 27.0
0.0234680014615 0.00289422880999 0.00584 36.0
0.0472488730984 0.005902063588 0.00584 45.0
0.0223456406569 0.00299282003472 0.00584 54.0
0.0112093714785 0.00149379625251 0.00584 63.0
0.0273159574181 0.00382205804884 0.00584 72.0
0.0439218269351 0.00597110620865 0.00584 81.0
0.00400492721241 0.000541756002577 0.00584 90.0
0.0436161201799 0.00585981573348 0.00584 99.0
0.0472693643857 0.00598782532294 0.00584 108.0
0.0190736950134 0.00245622947741 0.00584 117.0
0.0140014235398 0.00172656066151 0.00584 126.0
0.0222264814301 0.00276289843685 0.00584 135.0
0.0232910287823 0.00307089189643 0.00584 144.0
0.0232704696081 0.00308077918751 0.00584 153.0
0.0484391249441 0.00677877199544 0.00584 162.0
0.0325066208509 0.00444546938442 0.00584 171.0
0.0144106763165 0.00191877447813 0.00584 180.0
0.0291262426486 0.00390590559277 0.00584 189.0
0.0500870762408 0.00625927933607 0.00584 198.0
0.0228986569829 0.00291872527968 0.00584 207.0
0.0237481256799 0.00293224785209 0.00584 216.0
0.0468579950928 0.00586081492481 0.00584 225.0
0.0223315425167 0.00299096192199 0.00584 234.0
0.01120849777 0.00149118403427 0.00584 243.0
0.0271775776032 0.00379195015 0.00584 252.0
0.0453514504939 0.00614688407138 0.00584 261.0
0.0223745485919 0.00298056928809 0.00584 270.0
0.0483096524166 0.00649004402702 0.00584 279.0
0.0477005081276 0.00604922616975 0.00584 288.0
0.0191810539456 0.0024732058897 0.00584 297.0
0.013957996526 0.00172107478661 0.00584 306.0
0.030752566342 0.00379909669467 0.00584 315.0
0.023208380173 0.00305295728254 0.00584 324.0
0.0232888560899 0.00307850460615 0.00584 333.0
0.047889710872 0.00669638442654 0.00584 342.0
0.0458448018108 0.00627470508078 0.00584 351.0
0.0129497358304 0.00173182942355 0.00587 0.0
0.0279090992763 0.00375008366909 0.00587 9.0
0.0499770550373 0.00625535079544 0.00587 18.0
0.0228324049501 0.00291066402521 0.00587 27.0
0.0231158599075 0.00285049645001 0.00587 36.0
0.0468806971281 0.00585612905525 0.00587 45.0
0.022345582556 0.00299241985406 0.00587 54.0
0.0111379821637 0.00148379529106 0.00587 63.0
0.0269452941378 0.00376969098782 0.00587 72.0
0.0443147104444 0.00602415240543 0.00587 81.0
0.00389110771432 0.00052596590288 0.00587 90.0
0.0437868013046 0.00588265508238 0.00587 99.0
0.0468660114458 0.00593638128431 0.00587 108.0
0.0189044494381 0.00243472412095 0.00587 117.0
0.0138605204456 0.00170857010203 0.00587 126.0
0.0219058280377 0.00272277244584 0.00587 135.0
0.0231872389264 0.00305620016041 0.00587 144.0
0.0231165310479 0.00305965454879 0.00587 153.0
0.0471753398552 0.0065999968969 0.00587 162.0
0.0324596488328 0.00443876004331 0.00587 171.0
0.014428859581 0.00192105002264 0.00587 180.0
0.0291226484331 0.00390544838089 0.00587 189.0
0.0500870209479 0.00625972504522 0.00587 198.0
0.022898553456 0.0029188375796 0.00587 207.0
0.0231064399887 0.00285245586252 0.00587 216.0
0.0468579769313 0.00586034049468 0.00587 225.0
0.0223314518222 0.00299053293726 0.00587 234.0
0.0111364397201 0.00148104050115 0.00587 243.0
0.0269398174082 0.00375829404129 0.00587 252.0
0.0452334436757 0.006130349434 0.00587 261.0
0.0217354360984 0.00289535883743 0.00587 270.0
0.0468463465413 0.00629302418901 0.00587 279.0
0.0469122745047 0.00594928944158 0.00587 288.0
0.0189189278275 0.00243945020992 0.00587 297.0
0.013738906101 0.0016940399103 0.00587 306.0
0.0303552429619 0.00374997745739 0.00587 315.0
0.023208341952 0.00305253609898 0.00587 324.0
0.0228286619889 0.0030163736944 0.00587 333.0
0.046563683968 0.00650953921702 0.00587 342.0
0.0446942959741 0.00611527480731 0.00587 351.0
0.0128598034395 0.00171728836679 0.0059 0.0
0.0278862560792 0.00374413352367 0.0059 9.0
0.0499768390592 0.00625384805339 0.0059 18.0
0.0228322819736 0.00291111259533 0.0059 27.0
0.0231157937448 0.00285130010702 0.0059 36.0
0.0223389803842 0.00298993474042 0.0059 54.0
0.0112529871098 0.00149751276069 0.0059 63.0
0.0270033894737 0.00377234048337 0.0059 72.0
0.0442813828526 0.00601023626467 0.0059 81.0
0.0437325194818 0.00587104446854 0.0059 99.0
0.0457779120354 0.00579647507718 0.0059 108.0
0.0189177787471 0.00243707010404 0.0059 117.0
0.013812551524 0.00170323108473 0.0059 126.0
0.0218471612857 0.00271538004761 0.0059 135.0