720 2 5 2 20
0.023309070395 0.00307012864515 0.0059 144.0
0.023116458796 0.00305650494938 0.0059 153.0
0.0471833181396 0.00659194790698 0.0059 162.0
0.0325656810062 0.00444696565754 0.0059 171.0
0.0143741167376 0.00191119372971 0.0059 180.0
0.0292076247549 0.00391418384418 0.0059 189.0
0.0501032123055 0.00626043410916 0.0059 198.0
0.0228985403446 0.0029192769578 0.0059 207.0
0.023106400247 0.00285319570718 0.0059 216.0
0.0468580990057 0.0058603515409 0.0059 225.0
0.0223247195104 0.00298815193863 0.0059 234.0
0.0112511374532 0.00149469094464 0.0059 243.0
0.0269974514278 0.0037611355326 0.0059 252.0
0.0452332626928 0.00612113738749 0.0059 261.0
0.0217354519671 0.00289162650208 0.0059 270.0
0.0468662550898 0.00629100689043 0.0059 279.0
0.0461064087322 0.00584461094944 0.0059 288.0
0.0189323003635 0.00244173109499 0.0059 297.0
0.0137524770017 0.00169586299549 0.0059 306.0
0.0303552215529 0.00375003873711 0.0059 315.0
0.0232083480307 0.00305114090928 0.0059 324.0
0.0228284712712 0.00301333654575 0.0059 333.0
0.0465633370812 0.0065006909536 0.0059 342.0
0.0446944171445 0.00610601639644 0.0059 351.0
0.0129869014485 0.0017353566533 0.00593 0.0
0.0279105319263 0.00374763844719 0.00593 9.0
0.0501183146052 0.00627026580297 0.00593 18.0
0.0228358301421 0.00291117452339 0.00593 27.0
0.0234680228577 0.00289492439535 0.00593 36.0
0.0472488698673 0.00590257749386 0.00593 45.0
0.0223454515727 0.00299207746605 0.00593 54.0
0.0112096975339 0.00149287922029 0.00593 63.0
0.0271850641152 0.00379968696606 0.00593 72.0
0.0418883184354 0.0056866658114 0.00593 81.0
0.00349002150542 0.000458913374589 0.00593 90.0
0.0424689769748 0.00570154400042 0.00593 99.0
0.0280066663267 0.0035162044988 0.00593 108.0
0.0145310737699 0.00185085221754 0.00593 117.0
0.0146066634122 0.00180197169798 0.00593 126.0
0.0224464840936 0.0027902787574 0.00593 135.0
0.0234862327359 0.00309496309183 0.00593 144.0
0.0232739904649 0.00307895942027 0.00593 153.0
0.0478809779572 0.00669353027776 0.00593 162.0
0.0326235267859 0.00445627209624 0.00593 171.0
0.0144521724572 0.00192212530109 0.00593 180.0
0.0291207485275 0.00390267079338 0.00593 189.0
0.0500868542303 0.00625766915186 0.00593 198.0
0.0228985627934 0.00291885850415 0.00593 207.0
0.023748197086 0.00293296866952 0.00593 216.0
0.0468579075439 0.00586126763911 0.00593 225.0
0.0223315521342 0.00299009803905 0.00593 234.0
0.0112083065683 0.00149016454717 0.00593 243.0
0.0271734860456 0.00378745353548 0.00593 252.0
0.045559494696 0.00616801882897 0.00593 261.0
0.0223745652561 0.00297746357351 0.00593 270.0
0.0483095148007 0.00648565739997 0.00593 279.0
0.0477004647681 0.00604761939148 0.00593 288.0
0.0191811467559 0.00247327120625 0.00593 297.0
0.0139641297158 0.00172220653984 0.00593 306.0
0.0305005655422 0.00376873079556 0.00593 315.0
0.0232628480572 0.00305921348781 0.00593 324.0
0.0232886783178 0.00307632435162 0.00593 333.0
0.047889549911 0.00668953822316 0.00593 342.0
0.0458444563232 0.00626728062645 0.00593 351.0
0.0132710899602 0.00175427376006 0.00596 0.0
0.0284323850326 0.00379407262203 0.00596 9.0
0.050116624477 0.00625975982822 0.00596 18.0
0.0228350182675 0.0029153234214 0.00596 27.0
0.023467709938 0.00290160917001 0.00596 36.0
0.0473772556888 0.00591727020246 0.00596 45.0
0.0227862417212 0.00303761163794 0.00596 54.0
0.0112090030891 0.00147821800349 0.00596 63.0
0.0271832427739 0.00375139606908 0.00596 72.0
0.0427814587538 0.00572992892132 0.00596 81.0
0.00391797227151 0.00051041445057 0.00596 90.0
0.0435395280213 0.00581106085824 0.00596 99.0
0.0309777656133 0.00391465202355 0.00596 108.0
0.0144400576257 0.00184249264132 0.00596 117.0
0.0146009752974 0.00180518086917 0.00596 126.0
0.0224464255584 0.00278879769978 0.00596 135.0
0.0234857381578 0.00307997694851 0.00596 144.0
0.0232727991089 0.00304935964395 0.00596 153.0
0.0478789046797 0.00661064943368 0.00596 162.0
0.0326228065287 0.00439806323225 0.00596 171.0
0.0144584816952 0.00190275547026 0.00596 180.0
0.0291206647012 0.00387939980162 0.00596 189.0
0.0500851318219 0.00624876213601 0.00596 198.0
0.0228979305118 0.00292309898679 0.00596 207.0
0.0237481160042 0.00293912903392 0.00596 216.0
0.0473977996469 0.00592562574702 0.00596 225.0
0.0227707136715 0.00303533808529 0.00596 234.0
0.0112079030256 0.00147612100198 0.00596 243.0
0.0271724918061 0.00374105796734 0.00596 252.0
0.0455466919538 0.00608518177017 0.00596 261.0
0.0228653050041 0.00301064039466 0.00596 270.0
0.0488679463894 0.00652126044699 0.00596 279.0
0.0476988958664 0.00603850386997 0.00596 288.0
0.0191804884546 0.00247667184496 0.00596 297.0
0.0139640175969 0.00172587518411 0.00596 306.0
0.0305003451434 0.0037680058147 0.00596 315.0
0.0232621897624 0.0030453096615 0.00596 324.0
0.0232877071423 0.0030475802634 0.00596 333.0
0.0495377182698 0.00683618474306 0.00596 342.0
0.0479999579948 0.00647871225436 0.00596 351.0
0.0131834325585 0.00170692493585 0.00599 0.0
0.0282638373717 0.00372498295602 0.00599 9.0
0.0501590334861 0.0062429403688 0.00599 18.0
0.0228303177952 0.00292248245828 0.00599 27.0
0.0234673158646 0.00291484677832 0.00599 36.0
0.047377794072 0.00591753002456 0.00599 45.0
0.0227902960844 0.00301239370776 0.00599 54.0
0.0111974066485 0.00145049041847 0.00599 63.0
0.0274646558465 0.00370080764252 0.00599 72.0
0.0428085798671 0.00558606006232 0.00599 81.0
0.00441345854242 0.00056042062829 0.00599 90.0
0.0442188788763 0.00583059696632 0.00599 99.0
0.0311428026372 0.00392469003231 0.00599 108.0
0.0145096268965 0.00185656575271 0.00599 117.0
0.014592543344 0.00181187387014 0.00599 126.0
0.0226601215894 0.0028142376683 0.00599 135.0
0.0235901550521 0.00306689989025 0.00599 144.0
0.0232645544554 0.00299485526349 0.00599 153.0
0.0478774362373 0.00645848755362 0.00599 162.0
0.0326674036753 0.00429572661085 0.00599 171.0
0.0144639686132 0.00186542137755 0.00599 180.0
0.029212096425 0.00384605365802 0.00599 189.0
0.0500908850753 0.00623017983298 0.00599 198.0
0.0228970957316 0.00293076176894 0.00599 207.0
0.0237479517955 0.00295150857924 0.00599 216.0
0.0473980779471 0.00592356128017 0.00599 225.0
0.0227752692217 0.0030102635425 0.00599 234.0
0.0111963440585 0.0014490561421 0.00599 243.0
0.027165350154 0.00365485138075 0.00599 252.0
0.0457132816084 0.00595539185823 0.00599 261.0
0.0227934127049 0.00294063813232 0.00599 270.0
0.0488659138256 0.00644297256791 0.00599 279.0
0.0476989720138 0.00601906049446 0.00599 288.0
0.0191774871627 0.00248218516514 0.00599 297.0
0.0138903567872 0.00172415495986 0.00599 306.0
0.0305980325063 0.00377962402929 0.00599 315.0
0.0232051473993 0.00301375341545 0.00599 324.0
0.0232862205671 0.00299548668479 0.00599 333.0
0.0495342503334 0.00667989522635 0.00599 342.0
0.0479970785146 0.00631827094476 0.00599 351.0
0.0131035623384 0.00172248858825 0.00602 0.0
0.0279096114314 0.00371042140225 0.00602 9.0
0.0501160002501 0.0062508673435 0.00602 18.0
0.0228347017954 0.0029162721125 0.00602 27.0
0.0234676016978 0.00290469923387 0.00602 36.0
0.0473772479739 0.00591889463292 0.00602 45.0
0.0224660803736 0.00298849582133 0.00602 54.0
0.0112087321157 0.00147232864211 0.00602 63.0
0.0271827903245 0.00373003479775 0.00602 72.0
0.0413889543298 0.00550654681664 0.00602 81.0
0.00408789256262 0.000534885101499 0.00602 90.0
0.0424721918525 0.00564755218308 0.00602 99.0
0.0279183633655 0.00349677116163 0.00602 108.0
0.0145305039971 0.00185453761211 0.00602 117.0
0.0146064551117 0.00180772314125 0.00602 126.0
0.0224464834454 0.002789222193 0.00602 135.0
0.0234854607874 0.00307458328249 0.00602 144.0
0.0232725144076 0.00303729284578 0.00602 153.0
0.0478777421329 0.00657395113321 0.00602 162.0
0.0326222952879 0.00437056525063 0.00602 171.0
0.0144515811722 0.00189166311626 0.00602 180.0
0.0291197709532 0.00386598524187 0.00602 189.0
0.0500843654 0.00624061574863 0.00602 198.0
0.0228976844927 0.00292410237517 0.00602 207.0
0.0237480107306 0.00294208511453 0.00602 216.0
0.0473978470281 0.00592667335811 0.00602 225.0
0.0223306146286 0.00297057974438 0.00602 234.0
0.0112075289388 0.00147033019437 0.00602 243.0
0.0271721733458 0.00372044191752 0.00602 252.0
0.0455580380863 0.00604847920956 0.00602 261.0
0.0228209984527 0.00298874224958 0.00602 270.0
0.0488875241679 0.0065009658397 0.00602 279.0
0.0476981404093 0.006030531057 0.00602 288.0
0.0191802380962 0.00247728596718 0.00602 297.0
0.0139639921513 0.00172758488334 0.00602 306.0
0.0305001545845 0.00376907565223 0.00602 315.0
0.0232620417337 0.00304039200533 0.00602 324.0
0.023287236065 0.0030358738092 0.00602 333.0
0.0495264492489 0.00679715211139 0.00602 342.0
0.0470418851169 0.00630842589647 0.00602 351.0
0.0132268364541 0.00173800731206 0.00605 0.0
0.0284317301161 0.0037793564617 0.00605 9.0
0.0500867405215 0.0062474543801 0.00605 18.0
0.0228310782319 0.00291628169973 0.00605 27.0
0.0234675952255 0.00290543182437 0.00605 36.0
0.0473770758704 0.00591947234508 0.00605 45.0
0.022785872079 0.00303185083775 0.00605 54.0
0.0112082801916 0.00147173855307 0.00605 63.0
0.0273167685268 0.00374607530885 0.00605 72.0
0.0424162258459 0.00563991341642 0.00605 81.0
0.00842383814571 0.00112371164758 0.00605 90.0
0.0429114891462 0.00570556212033 0.00605 99.0
0.0310006643329 0.00391342752928 0.00605 108.0
0.0143586034315 0.00183359429508 0.00605 117.0
0.0146008589799 0.0018074087717 0.00605 126.0
0.0224464670462 0.0027893712463 0.00605 135.0
0.0234853880955 0.00307404934456 0.00605 144.0
0.0232723444189 0.00303596694329 0.00605 153.0
0.0478777636738 0.00656992351849 0.00605 162.0
0.0326222565769 0.00436782308044 0.00605 171.0
0.0144584088212 0.00189162475988 0.00605 180.0
0.0291203161299 0.00386510399719 0.00605 189.0
0.05008433258 0.00624091023588 0.00605 198.0
0.0228976263885 0.00292470835177 0.00605 207.0
0.0237479565847 0.00294276668869 0.00605 216.0
0.0473977887734 0.00592715947683 0.00605 225.0
0.0225739484292 0.00300252471083 0.00605 234.0
0.0112077409369 0.00146969396294 0.00605 243.0
0.0271759763505 0.00371894112606 0.00605 252.0
0.0453382200703 0.00601516823504 0.00605 261.0
0.0227938507158 0.00298374577868 0.00605 270.0
0.0488673179187 0.00649685878592 0.00605 279.0
0.0476979961017 0.00603070587693 0.00605 288.0
0.0191802077942 0.0024777148492 0.00605 297.0
0.013957777025 0.00172728566106 0.00605 306.0
0.0307520843387 0.0038000091474 0.00605 315.0
0.0232075916743 0.00303312139443 0.00605 324.0
0.0232872651708 0.00303464376713 0.00605 333.0
0.0495365660443 0.00679466804712 0.00605 342.0
0.0479990747423 0.00643400447105 0.00605 351.0
0.0131034660083 0.00171899503947 0.00608 0.0
0.0279094901424 0.00370602206841 0.00608 9.0
0.0501154384144 0.00624895500845 0.00608 18.0
0.0228345097586 0.00291722394436 0.00608 27.0
0.0234675341831 0.0029064329914 0.00608 36.0
0.0473770044133 0.00591962301537 0.00608 45.0
0.0223440055902 0.00297021686367 0.00608 54.0
0.0112082009575 0.00146983308454 0.00608 63.0
0.027315312001 0.00373932134839 0.00608 72.0
0.0429042996629 0.00569390109473 0.00608 81.0
0.00808344106959 0.00107642929844 0.00608 90.0
0.0443612641819 0.00589270072998 0.00608 99.0
0.0310209773086 0.00391450372191 0.00608 108.0
0.0144397075472 0.00184394693028 0.00608 117.0
0.0146008829532 0.00180807318186 0.00608 126.0
0.0224464088755 0.00278936722604 0.00608 135.0
0.0234853177749 0.00307222517719 0.00608 144.0
0.0232723036343 0.00303206954461 0.00608 153.0
0.0478775558644 0.00655871467656 0.00608 162.0
0.0326220129112 0.0043597274039 0.00608 171.0
0.0144515731594 0.00188792683315 0.00608 180.0
0.0291196652859 0.00386149572407 0.00608 189.0
0.0500841298432 0.00623906976602 0.00608 198.0
0.0228976422586 0.00292513290326 0.00608 207.0
0.0237478745154 0.00294359348488 0.00608 216.0
0.0473977372013 0.00592713664649 0.00608 225.0
0.0223304977089 0.00296841382651 0.00608 234.0
0.0112075455394 0.00146789014342 0.00608 243.0
0.0271717994453 0.00371200337538 0.00608 252.0
0.0455577786143 0.0060333960665 0.00608 261.0
0.0228208640954 0.00298272324381 0.00608 270.0
0.0488871864939 0.00649336335685 0.00608 279.0
0.0476978276618 0.00602887785163 0.00608 288.0
0.0191801951396 0.00247815383162 0.00608 297.0
0.0139639895104 0.00172858571013 0.00608 306.0
0.0305001786189 0.00376945278385 0.00608 315.0
0.0232619252068 0.00303836199656 0.00608 324.0
0.0232869611935 0.00303089108562 0.00608 333.0
0.0490519672363 0.00671640617987 0.00608 342.0
0.0469009107292 0.00627293623196 0.00608 351.0
0.0131863189503 0.00174659535183 0.00611 0.0
0.0281258857552 0.00375835365532 0.00611 9.0
0.0498021856414 0.00622347964808 0.00611 18.0
0.0228344957697 0.00291483639076 0.00611 27.0
0.0234677534407 0.00290036647301 0.00611 36.0
0.0473770506124 0.00591682978177 0.00611 45.0
0.0224652046083 0.00299551986666 0.00611 54.0
0.0112015388418 0.00147975962558 0.00611 63.0
0.0271002806396 0.00374839956629 0.00611 72.0
0.0423572953341 0.00568663363999 0.00611 81.0
0.00263221991674 0.000342299724371 0.00611 90.0
0.0440622543556 0.00588853238266 0.00611 99.0
0.0310396648305 0.00392464390127 0.00611 108.0
0.0144771368641 0.00184679512112 0.00611 117.0
0.0145935178271 0.00180315965193 0.00611 126.0
0.0224031309349 0.00278355642549 0.00611 135.0
0.0235014899643 0.00308439024583 0.00611 144.0
0.0232698135137 0.0030541463656 0.00611 153.0
0.0486330382644 0.00673064243767 0.00611 162.0
0.0325290230732 0.00439660555442 0.00611 171.0
0.0144143506262 0.00190101484316 0.00611 180.0
0.0291710619238 0.00389146501395 0.00611 189.0
0.0500598428265 0.00624880606759 0.00611 198.0
0.0228978931031 0.00292265597879 0.00611 207.0
0.0237479967271 0.00293797351369 0.00611 216.0
0.0473977207852 0.00592546256372 0.00611 225.0
0.022329769779 0.00297777003515 0.00611 234.0
0.011200533099 0.00147749432916 0.00611 243.0
0.0271648447475 0.00374834971993 0.00611 252.0
0.0454672524798 0.0060902028889 0.00611 261.0
0.0228040238539 0.00300941454982 0.00611 270.0
0.0488680902055 0.00653033754943 0.00611 279.0
0.0476985354711 0.00604154319325 0.00611 288.0
0.0191800944694 0.00247625199752 0.00611 297.0
0.0139340645554 0.00172152133398 0.00611 306.0
0.0306771549841 0.00378893147257 0.00611 315.0
0.0234637413052 0.00307426912905 0.00611 324.0
0.0232878228967 0.00305243466167 0.00611 333.0
0.0495380576769 0.00685177140745 0.00611 342.0
0.0480010643978 0.00649542394657 0.00611 351.0
0.013104649487 0.0016915359864 0.00614 0.0
0.0280270358731 0.00368502971056 0.00614 9.0
0.0501585226909 0.00623688837301 0.00614 18.0
0.0228300516019 0.00292294411943 0.00614 27.0
0.0231149495707 0.00287290609479 0.00614 36.0
0.0468806576657 0.0058580317967 0.00614 45.0
0.0223506387895 0.00295111438304 0.00614 54.0
0.0111376570546 0.00143951357939 0.00614 63.0
0.027227873537 0.00365732712107 0.00614 72.0
0.0421851110624 0.00548360451696 0.00614 81.0
0.00596576770385 0.0007838536169 0.00614 90.0
0.0427490687193 0.00562356794122 0.00614 99.0
0.0281584353204 0.00351750321622 0.00614 108.0
0.0145299491768 0.00185957260188 0.00614 117.0
0.0145218515328 0.00180382634528 0.00614 126.0
0.0224739896706 0.00279165317651 0.00614 135.0
0.0230379495323 0.00299244535124 0.00614 144.0
0.0231145194923 0.00296918676616 0.00614 153.0
0.0472249020984 0.00634997026962 0.00614 162.0
0.0326634531972 0.00427972113554 0.00614 171.0
0.0144640421778 0.00185928740996 0.00614 180.0
0.0292117679523 0.00383770884013 0.00614 189.0
0.05009033856 0.00622467899606 0.00614 198.0
0.0228970829667 0.00293123004965 0.00614 207.0
0.0231060849659 0.00287330206014 0.00614 216.0
0.046857791373 0.00585837714439 0.00614 225.0
0.0223373696934 0.00294910748875 0.00614 234.0
0.0111364620926 0.00143813273125 0.00614 243.0
0.0271651653159 0.00364349504317 0.00614 252.0
0.0455902799462 0.00591804575252 0.00614 261.0
0.0223829443353 0.00287779764989 0.00614 270.0
0.0468420230515 0.00616157431682 0.00614 279.0
0.0469098316276 0.00591387616267 0.00614 288.0
0.0188985301643 0.00244638103134 0.00614 297.0
0.0137426258424 0.00170654600543 0.00614 306.0
0.0304748324247 0.00376610374869 0.00614 315.0
0.023205036412 0.00301161724129 0.00614 324.0
0.0228257919782 0.00292962187025 0.00614 333.0
0.0465592332485 0.00625806934872 0.00614 342.0
0.0449572016658 0.00589242572746 0.00614 351.0
0.0129863501478 0.00169771506837 0.00617 0.0
0.0279092457509 0.00369839908597 0.00617 9.0
0.0501147543886 0.00624675215346 0.00617 18.0
0.0228342303089 0.00291909858942 0.00617 27.0
0.0234674306262 0.00290846992073 0.00617 36.0
0.0472482792905 0.00590136654859 0.00617 45.0
0.0223435746378 0.00296402127545 0.00617 54.0
0.0112083544714 0.00146419452078 0.00617 63.0
0.0271820554256 0.00370345628796 0.00617 72.0
0.0423614673676 0.00559434837524 0.00617 81.0
0.00774349860019 0.00101431970125 0.00617 90.0
0.0419243375029 0.00555756587795 0.00617 99.0
0.0280032352952 0.00350553230964 0.00617 108.0
0.0145301965743 0.0018564839504 0.00617 117.0
0.0146062944045 0.001809860213 0.00617 126.0
0.0224463055083 0.00278807433799 0.00617 135.0
0.0234851689738 0.00306571582575 0.00617 144.0
0.0232720367257 0.00302057840773 0.00617 153.0
0.0478768043409 0.00652820350277 0.00617 162.0
0.0326217527333 0.004339417883 0.00617 171.0
0.0144516612555 0.00188115212178 0.00617 180.0
0.0291195491109 0.00385419211578 0.00617 189.0
0.0500835202276 0.00623738224606 0.00617 198.0
0.0228974609296 0.00292684584362 0.00617 207.0
0.02374792994 0.0029455094354 0.00617 216.0
0.0468574410904 0.00585746806738 0.00617 225.0
0.0223302859918 0.00296214520935 0.00617 234.0
0.0112072780068 0.00146243044077 0.00617 243.0
0.02717150273 0.00369490010178 0.00617 252.0
0.0455574806718 0.00600479841476 0.00617 261.0
0.022373606269 0.00291328741007 0.00617 270.0
0.048306564991 0.00640348071104 0.00617 279.0
0.0476973442434 0.00602707286632 0.00617 288.0
0.0191801293135 0.00247944646678 0.00617 297.0
0.0139638412988 0.00172969227276 0.00617 306.0
0.0305001784763 0.00376798750822 0.00617 315.0
0.0232616788492 0.0030321922233 0.00617 324.0
0.0232867083622 0.00301949064466 0.00617 333.0
0.0478852428704 0.00652586053015 0.00617 342.0
0.0458418105895 0.00610192035984 0.00617 351.0
0.013104652417 0.0016900602098 0.0062 0.0
0.028026956253 0.00368303780059 0.0062 9.0
0.0501584065152 0.00623578915525 0.0062 18.0
0.0228299530876 0.00292311918925 0.0062 27.0
0.0231148227995 0.00287351619518 0.0062 36.0
0.0468804149012 0.00585835310898 0.0062 45.0
0.0223503320479 0.00295031659983 0.0062 54.0
0.0111374515176 0.00143854688277 0.0062 63.0
0.027229178184 0.00365421003464 0.0062 72.0
0.0416098580551 0.00540325459734 0.0062 81.0
0.00595182211661 0.000781589193302 0.0062 90.0
0.0427097309178 0.00561560818914 0.0062 99.0
0.0281578561752 0.00351691692061 0.0062 108.0
0.014529832162 0.00185972040922 0.0062 117.0
0.0145217867953 0.00180418836521 0.0062 126.0
0.0224737956622 0.00279176350481 0.0062 135.0
0.0230376750676 0.00299165855766 0.0062 144.0
0.0231143046107 0.0029673435326 0.0062 153.0
0.0472246563763 0.00634440064766 0.0062 162.0
0.0326633189264 0.00427556638443 0.0062 171.0
0.0144639182342 0.00185773306208 0.0062 180.0
0.0292117825174 0.00383577127083 0.0062 189.0
0.0500901907788 0.00622361603333 0.0062 198.0
0.0228968094626 0.00293148447418 0.0062 207.0
0.023105829473 0.00287374618463 0.0062 216.0
0.0468572271949 0.00585862571438 0.0062 225.0
0.0223370536824 0.00294818477314 0.0062 234.0
0.011136261929 0.0014372606467 0.0062 243.0
0.0271644361805 0.00364037136 0.0062 252.0
0.0455893080485 0.00591216657822 0.0062 261.0
0.0223824509835 0.00287544209388 0.0062 270.0
0.0468408497888 0.00615831069617 0.0062 279.0
0.0469087323455 0.00591293908426 0.0062 288.0
0.0188981443453 0.00244652441681 0.0062 297.0
0.0137423783926 0.00170678563283 0.0062 306.0
0.0304743473606 0.00376618748388 0.0062 315.0
0.0232047123211 0.00301082720174 0.0062 324.0
0.0228254775276 0.002927836808 0.0062 333.0
0.0465589614833 0.00625260589867 0.0062 342.0
0.0449569832971 0.00588669059219 0.0062 351.0
0.0132267204666 0.00173736012337 0.00623 0.0
0.0284308185367 0.00377915888134 0.00623 9.0
0.0501152232966 0.00625194909747 0.00623 18.0
0.0228346377671 0.00291711947058 0.00623 27.0
0.023467524465 0.00290521853881 0.00623 36.0
0.0473767630897 0.00591705994662 0.00623 45.0
0.0227855500679 0.00302984845029 0.00623 54.0
0.0112085228505 0.00147050483956 0.00623 63.0
0.0271870121075 0.00372542556952 0.00623 72.0
0.0421626121591 0.00560318921641 0.00623 81.0
0.00621570754713 0.000816971938952 0.00623 90.0
0.0435718280097 0.00579316551159 0.00623 99.0
0.0279958998521 0.00350683206574 0.00623 108.0
0.0145304380907 0.00185505254531 0.00623 117.0
0.0146134203664 0.00180852664855 0.00623 126.0
0.0224052623533 0.00278333283384 0.00623 135.0
0.0235011004298 0.00307423612917 0.00623 144.0
0.0232689633574 0.0030331032007 0.00623 153.0
0.0486507144396 0.00667131958424 0.00623 162.0
0.032505167276 0.00434969189052 0.00623 171.0
0.0144283161438 0.00188741880942 0.00623 180.0
0.0291214190264 0.00386522435927 0.00623 189.0
0.0500840669021 0.00624175226265 0.00623 198.0
0.0228976399621 0.00292491394017 0.00623 207.0
0.0237479709249 0.0029424299777 0.00623 216.0
0.0473976094375 0.00592483048723 0.00623 225.0
0.0227703924541 0.00302775955515 0.00623 234.0
0.0112076386187 0.00146850118409 0.00623 243.0
0.027171955658 0.00371565481403 0.00623 252.0
0.0455459907762 0.00603960548805 0.00623 261.0
0.0228649276216 0.00299208060813 0.00623 270.0
0.0488670234169 0.00649674728758 0.00623 279.0
0.0476977342751 0.00603148398182 0.00623 288.0
0.0191801376031 0.00247795345279 0.00623 297.0
0.0139639024398 0.00172782478853 0.00623 306.0
0.03050009171 0.00376795579539 0.00623 315.0
0.0232618406672 0.00303808803089 0.00623 324.0
0.0232871221262 0.00303217271752 0.00623 333.0
0.0495362794069 0.00678957009469 0.00623 342.0
0.0479989160273 0.00643044275742 0.00623 351.0
0.0131035142649 0.00171932595311 0.00626 0.0
0.0279093224765 0.00370709655809 0.00626 9.0
0.0501152334001 0.00625107040225 0.00626 18.0
0.0228345597754 0.00291761554042 0.00626 27.0
0.023467535286 0.00290599172047 0.00626 36.0
0.0473767969497 0.00591709897054 0.00626 45.0
0.0227853713059 0.00302849634756 0.00626 54.0
0.0112085611042 0.00146900601301 0.00626 63.0
0.0271865901371 0.00372068370174 0.00626 72.0
0.0413579171002 0.00548911644568 0.00626 81.0
0.00643382213533 0.000844888040818 0.00626 90.0
0.0443697140946 0.00589592642405 0.00626 99.0
0.0279935188413 0.00350617028664 0.00626 108.0
0.0145303676421 0.00185542267671 0.00626 117.0
0.0146134048083 0.00180896721169 0.00626 126.0
0.022405271999 0.00278331081649 0.00626 135.0
0.0235010187858 0.00307282287756 0.00626 144.0
0.0232689173356 0.00303015421022 0.00626 153.0
0.048650422835 0.00666308022384 0.00626 162.0
0.0325051179209 0.00434402740046 0.00626 171.0
0.0144101829946 0.00188316237237 0.00626 180.0
0.029125025143 0.00386354718356 0.00626 189.0
0.0500841039433 0.00624095382393 0.00626 198.0
0.0228975488814 0.00292546925126 0.00626 207.0
0.0237479488319 0.00294312547621 0.00626 216.0
0.0473976368501 0.00592470445648 0.00626 225.0
0.0225737562356 0.00299929618969 0.00626 234.0
0.0112075578099 0.00146717472551 0.00626 243.0
0.0271717945333 0.00371103600976 0.00626 252.0
0.0455577423972 0.00603324419965 0.00626 261.0
0.0228207100109 0.00298336938295 0.00626 270.0
0.0488870805706 0.00649563144862 0.00626 279.0
0.0476977418203 0.00603066469222 0.00626 288.0
0.0191800566008 0.00247828782061 0.00626 297.0
0.0139638564526 0.0017282487554 0.00626 306.0
0.0305000944088 0.00376798582837 0.00626 315.0
0.0232618679699 0.00303677044184 0.00626 324.0
0.0232869811384 0.00302931112608 0.00626 333.0
0.0495258348451 0.00677986380526 0.00626 342.0
0.0470413520059 0.00629263398656 0.00626 351.0
0.0129491532247 0.00169491694018 0.00629 0.0
0.0500452017323 0.00624223785095 0.00629 18.0
0.0228343068104 0.0029195068921 0.00629 27.0
0.0231152737429 0.00286432040501 0.00629 36.0
0.0468801058166 0.00585574999281 0.00629 45.0
0.0223436024126 0.00296520850707 0.00629 54.0
0.0269899800709 0.00368228190863 0.00629 72.0
0.0418889379213 0.00554014061559 0.00629 81.0
0.00418750466603 0.000544902035367 0.00629 90.0
0.0425641457546 0.00564824424217 0.00629 99.0
0.0279325787996 0.00349847089717 0.00629 108.0
0.014530331447 0.00185671812548 0.00629 117.0
0.0145197239532 0.00179839437345 0.00629 126.0
0.0232803974799 0.00303980284266 0.00629 144.0
0.0231152539524 0.00300280212527 0.00629 153.0
0.0472252134264 0.00644734254308 0.00629 162.0
0.0326175340319 0.00434580759204 0.00629 171.0
0.0500837039899 0.00624075550508 0.00629 198.0
0.0231061035034 0.00286511832204 0.00629 216.0
0.0468573947126 0.00585758563219 0.00629 225.0
0.0111353921595 0.00145399030057 0.00629 243.0
0.0468434928734 0.00621534880606 0.00629 279.0
0.0469093442626 0.00593041996853 0.00629 288.0
0.018917957502 0.0024459473055 0.00629 297.0
0.0137384706573 0.00170151763346 0.00629 306.0
0.0303825557731 0.00375311084982 0.00629 315.0
0.0228265404085 0.00296183112561 0.00629 333.0
0.0465593474301 0.00635306552246 0.00629 342.0
0.0446915046325 0.00595678422909 0.00629 351.0
0.0129491683532 0.0016956984631 0.00632 0.0
0.0279070440428 0.00370263610482 0.00632 9.0
0.0500451958852 0.00624160503023 0.00632 18.0
0.0228342343572 0.0029188271744 0.00632 27.0
0.0231152476723 0.00286384372747 0.00632 36.0
0.0468798453059 0.00585587353491 0.00632 45.0
0.0223436703812 0.00296586301455 0.00632 54.0
0.0111367078403 0.0014565341988 0.00632 63.0
0.026931186342 0.00367662623942 0.00632 72.0
0.04586455507 0.00607095619606 0.00632 81.0
0.00307027338696 0.000398822217946 0.00632 90.0
0.0435042675168 0.00577317698238 0.00632 99.0
0.0279326569476 0.00349797599657 0.00632 108.0
0.0145303249105 0.00185627704266 0.00632 117.0
0.0145197379758 0.00179810816986 0.00632 126.0
0.0224463442522 0.00278823415106 0.00632 135.0
0.0232804038182 0.00304076016485 0.00632 144.0
0.0231154207161 0.00300455071771 0.00632 153.0
0.0472251492121 0.00645160297857 0.00632 162.0
0.0326174216307 0.00434849913804 0.00632 171.0
0.0144582215691 0.00188549702212 0.00632 180.0
0.0291200866676 0.00385872407503 0.00632 189.0
0.0500837711619 0.0062400374492 0.00632 198.0
0.0228974922856 0.00292665276356 0.00632 207.0
0.0231060100756 0.00286463630525 0.00632 216.0
0.0468574268418 0.00585783553386 0.00632 225.0
0.022330292557 0.00296419349179 0.00632 234.0
0.0111354996116 0.00145473674203 0.00632 243.0
0.026933011496 0.00366976346816 0.00632 252.0
0.04531740201 0.00598604868484 0.00632 261.0
0.0217345017624 0.00283535154336 0.00632 270.0
0.0468433667965 0.00621622478944 0.00632 279.0
0.0469092702012 0.00592978670458 0.00632 288.0
0.0137383396652 0.0017012532815 0.00632 306.0
0.0303826545675 0.00375316955361 0.00632 315.0
0.0232616981959 0.00303425429156 0.00632 324.0
0.0228266507999 0.00296344455362 0.00632 333.0
0.0465593189424 0.0063572200019 0.00632 342.0
0.0446914070396 0.00596046573175 0.00632 351.0
0.0131033553074 0.00171036701917 0.00635 0.0
0.0279089401072 0.0036956784444 0.00635 9.0
0.0501145596456 0.00624584725192 0.00635 18.0
0.0228340241799 0.00292004280067 0.00635 27.0
0.0234673694097 0.00291023396958 0.00635 36.0
0.0473767439358 0.00591905315292 0.00635 45.0
0.0224652780268 0.00297897291282 0.00635 54.0
0.0112082876265 0.00146278954729 0.00635 63.0
0.0271865226206 0.00369881448903 0.00635 72.0
0.0420058645891 0.00553937293451 0.00635 81.0
0.0026261820835 0.000334717183463 0.00635 90.0
0.0428739473936 0.00568035434746 0.00635 99.0
0.0309816754275 0.0039082816591 0.00635 108.0
0.0144396000612 0.00184574584752 0.00635 117.0
0.014600855083 0.00180988767767 0.00635 126.0
0.0224051466212 0.00278375494674 0.00635 135.0
0.0235007926917 0.00306694619215 0.00635 144.0
0.0232685557157 0.00301746861882 0.00635 153.0
0.048649570081 0.00662497760474 0.00635 162.0
0.0325046742454 0.00431706643481 0.00635 171.0
0.0144100781178 0.00187363363212 0.00635 180.0
0.0291247292246 0.00385209701962 0.00635 189.0
0.0500833589142 0.00623656513101 0.00635 198.0
0.0228973696562 0.00292783191623 0.00635 207.0
0.0237479839002 0.00294711143342 0.00635 216.0
0.0473974329565 0.0059259953776 0.00635 225.0
0.022330090939 0.00296137929689 0.00635 234.0
0.0112072799198 0.0014610583727 0.00635 243.0
0.0271713782496 0.0036900605989 0.00635 252.0
0.0455573650237 0.00599563698633 0.00635 261.0
0.0228204576089 0.00296803737515 0.00635 270.0
0.048886470091 0.00647612797894 0.00635 279.0
0.0476972498637 0.00602635143779 0.00635 288.0
0.0191799889955 0.00248030301962 0.00635 297.0
0.013963885634 0.00173061322778 0.00635 306.0
0.0304998820397 0.00376911021689 0.00635 315.0
0.0232616280034 0.00303144772011 0.00635 324.0
0.0232864179435 0.00301697313511 0.00635 333.0
0.0495248952097 0.00674145570597 0.00635 342.0
0.0470406774308 0.0062533555127 0.00635 351.0
0.0131822791208 0.00172737328391 0.00638 0.0
0.0282586596193 0.00374998166487 0.00638 9.0
0.0501599299847 0.00625305861814 0.00638 18.0
0.0228306332192 0.00291714382987 0.00638 27.0
0.0234673061377 0.00290718346199 0.00638 36.0
0.0473772310654 0.00591975269324 0.00638 45.0
0.0224734355167 0.00298548138325 0.00638 54.0
0.0111978817717 0.0014667237186 0.00638 63.0
0.0271732577933 0.00371453969214 0.00638 72.0
0.0449767671398 0.00596004064379 0.00638 81.0
0.0030853661246 0.000405035627747 0.00638 90.0
0.0452295735184 0.00600211528322 0.00638 99.0
0.0282046601285 0.00353061384005 0.00638 108.0
0.0145302647668 0.0018555653352 0.00638 117.0
0.014578222745 0.00180527188425 0.00638 126.0
0.0223730605089 0.0027803950409 0.00638 135.0
0.0234736765938 0.00306911872201 0.00638 144.0
0.0232688108353 0.00302856517711 0.00638 153.0
0.0481472643282 0.00658665356598 0.00638 162.0
0.0324794710458 0.0043345625137 0.00638 171.0
0.0143735925157 0.00187541233489 0.00638 180.0
0.0292194315347 0.00387208624293 0.00638 189.0
0.0500920362356 0.00623870870494 0.00638 198.0
0.0228975168301 0.00292547375571 0.00638 207.0
0.0237478054019 0.00294435055235 0.00638 216.0
0.0473982263138 0.00592718806263 0.00638 225.0
0.0223379981274 0.00296794682962 0.00638 234.0
0.0111967868955 0.0014648151612 0.00638 243.0
0.027166045189 0.00370620471952 0.00638 252.0
0.0457139831555 0.00604461818645 0.00638 261.0
0.0227937152645 0.00297548408209 0.00638 270.0
0.0488668216289 0.00648592469012 0.00638 279.0
0.0476997926771 0.00602780779959 0.00638 288.0
0.0191776124527 0.00247806435063 0.00638 297.0
0.0138903507687 0.00172005751822 0.00638 306.0
0.0305978658969 0.00378108925192 0.00638 315.0
0.0232053919615 0.00302979613369 0.00638 324.0
0.0232868769934 0.0030278404021 0.00638 333.0
0.0495212952198 0.00677207834061 0.00638 342.0
0.0473291234894 0.0063215750769 0.00638 351.0
0.0129826379274 0.00168275556544 0.00641 0.0
0.0281157642733 0.00370680887152 0.00641 9.0
0.0497991969064 0.00619814315972 0.00641 18.0
0.0228329657528 0.00292229570547 0.00641 27.0
0.0234670812182 0.00291415267516 0.00641 36.0
0.0472478004356 0.0059017456551 0.00641 45.0
0.0223417567322 0.00295323118687 0.00641 54.0
0.0111987500004 0.00145210841744 0.00641 63.0
0.0272527995685 0.00367626476974 0.00641 72.0
0.0427804693083 0.00558836272308 0.00641 81.0
0.00507889222174 0.000640021636864 0.00641 90.0
0.0474466756239 0.00625876721432 0.00641 99.0
0.0310237209843 0.00390959082415 0.00641 108.0
0.0144853270901 0.00185317683982 0.00641 117.0
0.0146015140223 0.00181265141147 0.00641 126.0
0.0224305917406 0.00278576966266 0.00641 135.0
0.0233217004743 0.00303394773927 0.00641 144.0
0.0232680056726 0.00299809600942 0.00641 153.0
0.0484525527382 0.00654374405529 0.00641 162.0
0.0325272394962 0.00428215780125 0.00641 171.0
0.0144136620826 0.00186049415345 0.00641 180.0
0.0291697371695 0.00384218303738 0.00641 189.0
0.0500569387492 0.00622638293337 0.00641 198.0
0.0228968065414 0.00293028925775 0.00641 207.0
0.0237479071795 0.0029509417631 0.00641 216.0
0.0468569397924 0.00585696396181 0.00641 225.0
0.0223286571612 0.00295166650995 0.00641 234.0
0.011199682008 0.00145088223981 0.00641 243.0
0.0271727129245 0.00365999981629 0.00641 252.0
0.0458487769079 0.00598001224805 0.00641 261.0
0.0223732125959 0.00288862384332 0.00641 270.0
0.048305392388 0.00637160588007 0.00641 279.0
0.047695898555 0.00601909567491 0.00641 288.0
0.0191793828052 0.00248202159604 0.00641 297.0
0.0139336990191 0.00172925691849 0.00641 306.0
0.0306623933941 0.00378781903276 0.00641 315.0
0.0232665255239 0.00302297517179 0.00641 324.0
0.0232859923965 0.00299810542129 0.00641 333.0
0.0478837266276 0.00646353911023 0.00641 342.0
0.0458414323333 0.00603885570147 0.00641 351.0
0.0132262465292 0.00172132783678 0.00644 0.0
0.0282638357376 0.00373587936271 0.00644 9.0
0.0501590877798 0.00624688525065 0.00644 18.0
0.02283019261 0.00291987919771 0.00644 27.0
0.023467278535 0.00291124607484 0.00644 36.0
0.0473772473886 0.00591832898953 0.00644 45.0
0.0227903849114 0.00301964117884 0.00644 54.0
0.011197502558 0.00145763961463 0.00644 63.0
0.0271688131422 0.0036839855063 0.00644 72.0
0.0458225374069 0.00601962673851 0.00644 81.0
0.00523082481894 0.00069164144186 0.00644 90.0
0.0449338537539 0.00594111824966 0.00644 99.0
0.0311564879706 0.00392810102253 0.00644 108.0
0.0145095797899 0.00185487807162 0.00644 117.0
0.0146202608629 0.00181299756698 0.00644 126.0
0.022372997147 0.0027792331505 0.00644 135.0
0.0234733053648 0.00305949212963 0.00644 144.0
0.023268232218 0.00300999663965 0.00644 153.0
0.048146070041 0.00653472393344 0.00644 162.0
0.0324789733183 0.00429888453121 0.00644 171.0
0.0143733818858 0.00186302456591 0.00644 180.0
0.0292190641804 0.00385755262319 0.00644 189.0
0.0500911009746 0.00623340789133 0.00644 198.0
0.0228971467493 0.00292819806979 0.00644 207.0
0.0237479129793 0.00294832890028 0.00644 216.0
0.0473980865679 0.00592510533834 0.00644 225.0
0.0227755733635 0.0030176631488 0.00644 234.0
0.0111964940215 0.00145602637798 0.00644 243.0