720 2 5 2 20
0.0271655603991 0.00367728483238 0.00644 252.0
0.0457133030705 0.00599420995775 0.00644 261.0
0.0227932716991 0.00295576068537 0.00644 270.0
0.0488661697866 0.00646113899641 0.00644 279.0
0.0476990937927 0.0060223328625 0.00644 288.0
0.0191774556021 0.00248018771001 0.00644 297.0
0.0138902892257 0.00172227623097 0.00644 306.0
0.0305976843123 0.00378025258334 0.00644 315.0
0.0232051471276 0.00302077183716 0.00644 324.0
0.0232862155778 0.0030096997424 0.00644 333.0
0.0495345538139 0.0067211381539 0.00644 342.0
0.0479969952174 0.00635919436837 0.00644 351.0
0.0133231083007 0.00173969554805 0.00647 0.0
0.0282583612495 0.00374216724378 0.00647 9.0
0.0501594394137 0.00625048739067 0.00647 18.0
0.0473772284502 0.00591957213815 0.00647 45.0
0.0227905526886 0.0030241135551 0.00647 54.0
0.0111974964858 0.00146167703107 0.00647 63.0
0.00576101757365 0.00073498374511 0.00647 90.0
0.0309647267158 0.00390555506285 0.00647 108.0
0.0235903673575 0.0030789576308 0.00647 144.0
0.0292123813201 0.00386366679702 0.00647 189.0
0.0500914601031 0.00623681563004 0.00647 198.0
0.0228973563922 0.00292754009727 0.00647 207.0
0.0237477956356 0.00294703538053 0.00647 216.0
0.0473981683106 0.00592657152817 0.00647 225.0
0.0227756304662 0.00302205320526 0.00647 234.0
0.0476994321191 0.00602574074615 0.00647 288.0
0.0191608358628 0.00247773786092 0.00647 297.0
0.0138903093603 0.00172153116492 0.00647 306.0
0.0305978160299 0.00378096137292 0.00647 315.0
0.0232051472728 0.00302482032363 0.00647 324.0
0.0232865147498 0.00301760798645 0.00647 333.0
0.0234711385728 0.00310007563505 0.0065 0.0
0.0452289694387 0.00603376480236 0.0065 9.0
0.0284614826134 0.00355258762738 0.0065 18.0
0.0234250342754 0.00299615786395 0.0065 27.0
0.0235993359004 0.00292825697442 0.0065 36.0
0.047213413094 0.00589784689829 0.0065 45.0
0.0239050090331 0.00316908668564 0.0065 54.0
0.0234233197337 0.00309099398742 0.0065 63.0
0.0280407982074 0.00381928971875 0.0065 72.0
0.0425912288595 0.00559053446523 0.0065 81.0
0.00498337933135 0.00064061515183 0.0065 90.0
0.0446469271714 0.0059020986671 0.0065 99.0
0.0471392939072 0.00594717819347 0.0065 108.0
0.0243099313463 0.00316764062013 0.0065 117.0
0.0236380315007 0.00299902138829 0.0065 126.0
0.0163132850792 0.00203045736778 0.0065 135.0
0.0241858206138 0.00315170409618 0.0065 144.0
0.0232325068573 0.00300385186353 0.0065 153.0
0.0454076767942 0.00615800961985 0.0065 162.0
0.0463061783094 0.00612908820303 0.0065 171.0
0.0229392599919 0.00302445648047 0.0065 180.0
0.0455798014952 0.00607225597575 0.0065 189.0
0.0284600745821 0.00354909536622 0.0065 198.0
0.0234218354183 0.00299559827044 0.0065 207.0
0.0235968037932 0.0029296900957 0.0065 216.0
0.0472290609621 0.00590402220486 0.0065 225.0
0.0238895954446 0.00316717984314 0.0065 234.0
0.023399559285 0.00308437913331 0.0065 243.0
0.0280569750385 0.00381491116728 0.0065 252.0
0.0471051347987 0.00617230884534 0.0065 261.0
0.0225811906972 0.00292549916 0.0065 270.0
0.0472712379148 0.00624825147166 0.0065 279.0
0.0474012150467 0.00598435975847 0.0065 288.0
0.0242790699519 0.00316525159362 0.0065 297.0
0.0230133970506 0.00291715513891 0.0065 306.0
0.0164635923298 0.00204699102947 0.0065 315.0
0.0241895951535 0.00314837947469 0.0065 324.0
0.0232333099618 0.00300104178568 0.0065 333.0
0.0453919848854 0.00615307731599 0.0065 342.0
0.045962668173 0.00608449656058 0.0065 351.0
0.0227723482275 0.00290489261104 0.00653 0.0
0.0489641215082 0.00641302588711 0.00653 9.0
0.0485616058244 0.00611676812822 0.00653 18.0
0.0239190940058 0.00312228170175 0.00653 27.0
0.0230758940775 0.0029335629476 0.00653 36.0
0.016323371277 0.00202969107924 0.00653 45.0
0.0241502345416 0.00312616118701 0.00653 54.0
0.023481721981 0.00299741639442 0.00653 63.0
0.0475757532595 0.00634274159647 0.00653 72.0
0.055199529686 0.00719899697856 0.00653 81.0
0.00338858315033 0.000435777942515 0.00653 90.0
0.0432091387912 0.00570079781158 0.00653 99.0
0.0285234526291 0.00354640286717 0.00653 108.0
0.0233837792337 0.00299491797176 0.00653 117.0
0.0238649839276 0.00297331780632 0.00653 126.0
0.0474596171743 0.00593489250519 0.00653 135.0
0.0236078780777 0.00311136603425 0.00653 144.0
0.0233051909363 0.00303273196295 0.00653 153.0
0.0279437645627 0.00373436267339 0.00653 162.0
0.0469542626589 0.00603384695908 0.00653 171.0
0.0232453239169 0.00296267462358 0.00653 180.0
0.0486206431048 0.00636263638714 0.00653 189.0
0.0482882272978 0.00607880776126 0.00653 198.0
0.0239561464554 0.00312676436105 0.00653 207.0
0.0230809806381 0.00293520207434 0.00653 216.0
0.0163200672864 0.00203020068886 0.00653 225.0
0.024145610035 0.00312556673468 0.00653 234.0
0.0234722443551 0.00299428391219 0.00653 243.0
0.0473333435292 0.00630346415216 0.00653 252.0
0.0470831989991 0.00611024194679 0.00653 261.0
0.0235795754527 0.00306406396851 0.00653 270.0
0.0461908074757 0.00609753899977 0.00653 279.0
0.0285404540492 0.00354997696664 0.00653 288.0
0.02342725799 0.0030019113585 0.00653 297.0
0.0236644463095 0.00294847187201 0.00653 306.0
0.0476499376074 0.00595621905358 0.00653 315.0
0.0239566168623 0.00315596203048 0.00653 324.0
0.0234595077652 0.0030509009682 0.00653 333.0
0.0279000218322 0.00372761764287 0.00653 342.0
0.0466841058586 0.00600004859963 0.00653 351.0
0.0132261351295 0.00169792759802 0.00656 0.0
0.0284296212765 0.00372666089619 0.00656 9.0
0.0501124328843 0.006225873727 0.00656 18.0
0.0228331929739 0.00292538830919 0.00656 27.0
0.0234669219137 0.002920298816 0.00656 36.0
0.0473763540026 0.00591885919632 0.00656 45.0
0.0227839574609 0.00300208229593 0.00656 54.0
0.0112071834448 0.00144198995994 0.00656 63.0
0.0273130610393 0.0036459161508 0.00656 72.0
0.042409672495 0.00547565646186 0.00656 81.0
0.00513074431334 0.000652378374087 0.00656 90.0
0.0428087115221 0.00561418977443 0.00656 99.0
0.02800168553 0.00349591622283 0.00656 108.0
0.0145297490945 0.00186094110884 0.00656 117.0
0.0146130513153 0.00181734409675 0.00656 126.0
0.0224050857748 0.0027826274611 0.00656 135.0
0.0235003806768 0.00304584225433 0.00656 144.0
0.0232672254612 0.00297503641542 0.00656 153.0
0.0486469869142 0.00650240644467 0.00656 162.0
0.0325034149419 0.00423130402664 0.00656 171.0
0.0144279130739 0.00184543578714 0.00656 180.0
0.0291203102221 0.0038142336152 0.00656 189.0
0.0500815849841 0.00621908591973 0.00656 198.0
0.02374783856 0.00295661929265 0.00656 216.0
0.0473969845869 0.00592414045732 0.00656 225.0
0.022769456732 0.00300010212396 0.00656 234.0
0.0112068769293 0.00144094862111 0.00656 243.0
0.0271741977283 0.00362296625409 0.00656 252.0
0.0453360263904 0.00584696842541 0.00656 261.0
0.0227926954793 0.00291569443285 0.00656 270.0
0.0488644036105 0.00640924698728 0.00656 279.0
0.0476954561038 0.00600872062753 0.00656 288.0
0.0191795307705 0.0024844545868 0.00656 297.0
0.0139635916701 0.00173617567613 0.00656 306.0
0.0304996311727 0.0037690823106 0.00656 315.0
0.0232609241319 0.00301215570368 0.00656 324.0
0.0232853287891 0.00297573839848 0.00656 333.0
0.0495323656633 0.00661932187828 0.00656 342.0
0.0479958601919 0.00625457654125 0.00656 351.0
0.0132398140601 0.00169887515181 0.00659 0.0
0.028257712653 0.0037026102661 0.00659 9.0
0.050157452369 0.00622999358896 0.00659 18.0
0.022829445983 0.00292477703369 0.00659 27.0
0.0234669201716 0.00292073869874 0.00659 36.0
0.0473769643187 0.00592015413672 0.00659 45.0
0.0227894673308 0.00300306744118 0.00659 54.0
0.0111968702768 0.00144023414591 0.00659 63.0
0.0273526601127 0.00364983118712 0.00659 72.0
0.0413330237611 0.00533362165299 0.00659 81.0
0.00766572994598 0.000975042926622 0.00659 90.0
0.0424103505737 0.00556006228317 0.00659 99.0
0.0282175941614 0.00352209624987 0.00659 108.0
0.0145298440429 0.00186091917614 0.00659 117.0
0.0145977626464 0.00181590409268 0.00659 126.0
0.0226599384013 0.00281505883316 0.00659 135.0
0.0235898438683 0.00305741170334 0.00659 144.0
0.023264039182 0.00297425166328 0.00659 153.0
0.0478759179671 0.00639688497941 0.00659 162.0
0.0326665875299 0.0042502277753 0.00659 171.0
0.0144638563495 0.00184869125395 0.00659 180.0
0.0292115499835 0.0038247379704 0.00659 189.0
0.0500895857002 0.0062186577803 0.00659 198.0
0.0228967628892 0.00293323950519 0.00659 207.0
0.023747757127 0.00295717772742 0.00659 216.0
0.0473977391575 0.00592539779138 0.00659 225.0
0.0227748393222 0.00300108737959 0.00659 234.0
0.0111959671585 0.00143921576903 0.00659 243.0
0.0271646815328 0.0036204793438 0.00659 252.0
0.0457122275873 0.00589213825839 0.00659 261.0
0.0227927475815 0.00291413991196 0.00659 270.0
0.0488644554934 0.00640668392058 0.00659 279.0
0.0476977319507 0.00600763642461 0.00659 288.0
0.0191282893828 0.00247778487345 0.00659 297.0
0.0139611242349 0.00173601600004 0.00659 306.0
0.0305974442796 0.00378138079118 0.00659 315.0
0.0232046131668 0.00300521906257 0.00659 324.0
0.023285257421 0.00297537137182 0.00659 333.0
0.0495219591346 0.00661564747583 0.00659 342.0
0.047862810931 0.00623343511917 0.00659 351.0
0.0132912812429 0.00170679573896 0.00662 0.0
0.0282576910916 0.00370467252011 0.00662 9.0
0.0501575008173 0.00623184427079 0.00662 18.0
0.0228295340514 0.00292487755795 0.00662 27.0
0.0234668918294 0.00292041235516 0.00662 36.0
0.0473768692564 0.00591969441177 0.00662 45.0
0.022789449031 0.00300354135214 0.00662 54.0
0.0111969289671 0.00144100214369 0.00662 63.0
0.0273519314224 0.00365228120501 0.00662 72.0
0.0416626943052 0.00538087622359 0.00662 81.0
0.0042697418709 0.00052847349634 0.00662 90.0
0.0428465335994 0.00561980535952 0.00662 99.0
0.0282213579647 0.00352333389707 0.00662 108.0
0.0145297074286 0.00186101486916 0.00662 117.0
0.0145977913307 0.00181568355429 0.00662 126.0
0.0226599149557 0.00281478594132 0.00662 135.0
0.0235898066554 0.00305787445408 0.00662 144.0
0.0232637616781 0.0029756330552 0.00662 153.0
0.0478760232075 0.00640142429589 0.00662 162.0
0.0326665466382 0.00425378627456 0.00662 171.0
0.0144637286448 0.00185006921424 0.00662 180.0
0.0292115886829 0.00382682276528 0.00662 189.0
0.0500897367999 0.00622031547905 0.00662 198.0
0.0228967804376 0.00293329520002 0.00662 207.0
0.0237478541246 0.0029568191321 0.00662 216.0
0.0473977629023 0.00592505377318 0.00662 225.0
0.0227748813903 0.00300161630654 0.00662 234.0
0.0111960786963 0.00143980910683 0.00662 243.0
0.0271646926427 0.00362296599873 0.00662 252.0
0.0457121670784 0.00589711348924 0.00662 261.0
0.0227926914202 0.00291641652049 0.00662 270.0
0.0488646539958 0.00641016253389 0.00662 279.0
0.0476977048519 0.00600921933849 0.00662 288.0
0.0191603922367 0.00248221833439 0.00662 297.0
0.0138901267624 0.0017272671757 0.00662 306.0
0.0305974838703 0.00378110938219 0.00662 315.0
0.0232046392164 0.00300560470562 0.00662 324.0
0.0232853796166 0.00297673752089 0.00662 333.0
0.0495178450236 0.00661957996238 0.00662 342.0
0.0481828214243 0.00628123160662 0.00662 351.0
0.0131030623258 0.00168753706469 0.00665 0.0
0.0279090960973 0.00366520316804 0.00665 9.0
0.0500836327275 0.00622636321443 0.00665 18.0
0.0228298656204 0.00292401080437 0.00665 27.0
0.0234669092667 0.00291856353177 0.00665 36.0
0.0473761239065 0.0059198842767 0.00665 45.0
0.0227838884684 0.00300677722335 0.00665 54.0
0.011207274063 0.00144622663114 0.00665 63.0
0.0273138040317 0.00365990493497 0.00665 72.0
0.0431681407155 0.0055974890239 0.00665 81.0
0.00162575424285 0.000211599983147 0.00665 90.0
0.046681973049 0.00613413838564 0.00665 99.0
0.0279648981799 0.00349316411396 0.00665 108.0
0.0145299032848 0.0018602587662 0.00665 117.0
0.0146061514834 0.00181570143936 0.00665 126.0
0.0224462479754 0.00278823085838 0.00665 135.0
0.0234846719056 0.00304842144975 0.00665 144.0
0.0232708700615 0.00298407781903 0.00665 153.0
0.0478743210361 0.00642286695527 0.00665 162.0
0.0326206657829 0.00426346747908 0.00665 171.0
0.0144510691249 0.00185414777472 0.00665 180.0
0.0291186828369 0.00382126759773 0.00665 189.0
0.0500818559391 0.0062225062017 0.00665 198.0
0.0228968230771 0.00293238800988 0.00665 207.0
0.0237478381256 0.00295512609609 0.00665 216.0
0.0473971134311 0.00592546269875 0.00665 225.0
0.0225727278597 0.00297772660873 0.00665 234.0
0.011207014156 0.00144502387181 0.00665 243.0
0.0271743152009 0.0036364839356 0.00665 252.0
0.0453478230994 0.00587168967978 0.00665 261.0
0.0228163550717 0.0029281800505 0.00665 270.0
0.0488848910665 0.00642424943388 0.00665 279.0
0.0476956765402 0.00601216714659 0.00665 288.0
0.0191794304847 0.00248383383492 0.00665 297.0
0.0139573399377 0.0017345106008 0.00665 306.0
0.0307515302357 0.00380040435986 0.00665 315.0
0.0232065030015 0.00300947393627 0.00665 324.0
0.0232854592776 0.00298416260568 0.00665 333.0
0.0495223955392 0.00664233507271 0.00665 342.0
0.047038816333 0.00615296488028 0.00665 351.0
0.0131871358154 0.00169742612577 0.00668 0.0
0.0280791275334 0.00368673559665 0.00668 9.0
0.0501123729672 0.00622940714873 0.00668 18.0
0.0228332736981 0.0029245851691 0.00668 27.0
0.0234668789528 0.00291871799037 0.00668 36.0
0.0473762688664 0.00591943088123 0.00668 45.0
0.0227839462072 0.00300574204648 0.00668 54.0
0.0112073571688 0.00144552435355 0.00668 63.0
0.0271711488269 0.00363857574161 0.00668 72.0
0.0460960314491 0.0059734416321 0.00668 81.0
0.00237323500266 0.000302055674022 0.00668 90.0
0.0441876855057 0.00580472405531 0.00668 99.0
0.0279990908344 0.00349718052558 0.00668 108.0
0.014529859545 0.00186045992753 0.00668 117.0
0.0146060792139 0.00181592215234 0.00668 126.0
0.0224462916401 0.00278794813243 0.00668 135.0
0.023484690987 0.00304746326948 0.00668 144.0
0.0232692541579 0.00298246710073 0.00668 153.0
0.0486472942988 0.00652301997729 0.00668 162.0
0.0325034801271 0.00424558512413 0.00668 171.0
0.0144278308349 0.001850516391 0.00668 180.0
0.0291203696269 0.00382052888566 0.00668 189.0
0.0500818498045 0.00622212931797 0.00668 198.0
0.022896865447 0.00293256463917 0.00668 207.0
0.0237477983345 0.00295532166348 0.00668 216.0
0.0473970689586 0.00592495184194 0.00668 225.0
0.0225727635542 0.00297694524257 0.00668 234.0
0.0112068966477 0.00144440748903 0.00668 243.0
0.0271704711204 0.00363381872128 0.00668 252.0
0.0455441220537 0.00589407312174 0.00668 261.0
0.022863851391 0.00293271862875 0.00668 270.0
0.048864544984 0.00642011451981 0.00668 279.0
0.0476955368324 0.00601177031503 0.00668 288.0
0.0191794347987 0.00248390308067 0.00668 297.0
0.0139636455744 0.00173529378528 0.00668 306.0
0.0304995864247 0.00376942643316 0.00668 315.0
0.0232609109769 0.00301554983954 0.00668 324.0
0.0232853679142 0.00298277046677 0.00668 333.0
0.0495325515858 0.00664007967111 0.00668 342.0
0.0479961319576 0.00627583854765 0.00668 351.0
0.0131094873715 0.00169155495582 0.00671 0.0
0.0284054855185 0.00373524786539 0.00671 9.0
0.0497987890001 0.00619355148965 0.00671 18.0
0.0228326926065 0.00292410251949 0.00671 27.0
0.0234668741095 0.00291749774053 0.00671 36.0
0.0472478006359 0.00590316652054 0.00671 45.0
0.0223444585221 0.00294896126873 0.00671 54.0
0.0112103222 0.00144826707333 0.00671 63.0
0.0272470054497 0.00365725289334 0.00671 72.0
0.0429425860494 0.00557852175089 0.00671 81.0
0.00334671203926 0.00043733158338 0.00671 90.0
0.0424451998261 0.00558382543671 0.00671 99.0
0.0284266439093 0.00355227491522 0.00671 108.0
0.0145298136235 0.00186011644864 0.00671 117.0
0.0146012496437 0.00181432916912 0.00671 126.0
0.0224029337244 0.00278279450788 0.00671 135.0
0.0235003750564 0.003051949375 0.00671 144.0
0.0232675620734 0.00298735091507 0.00671 153.0
0.0484324928515 0.00650922808576 0.00671 162.0
0.0325038053854 0.00425657489631 0.00671 171.0
0.014410072184 0.00185227505484 0.00671 180.0
0.0292422301579 0.00384195666235 0.00671 189.0
0.0500578373913 0.00622256677802 0.00671 198.0
0.0228968608628 0.00293209240564 0.00671 207.0
0.0237478017546 0.00295413121373 0.00671 216.0
0.0468572673538 0.00585796057819 0.00671 225.0
0.0223315946063 0.0029473356677 0.00671 234.0
0.0112006886997 0.00144592989551 0.00671 243.0
0.0271757011044 0.00364302492124 0.00671 252.0
0.0458482835865 0.00594839236296 0.00671 261.0
0.0223727769578 0.00287606078315 0.00671 270.0
0.0483047423456 0.0063550288072 0.00671 279.0
0.0476955267183 0.00601517339337 0.00671 288.0
0.0191824530714 0.00248400023494 0.00671 297.0
0.0139342333658 0.00173106426683 0.00671 306.0
0.0306610649335 0.00378845735106 0.00671 315.0
0.0232662578871 0.0030183798741 0.00671 324.0
0.0232856351437 0.0029876727035 0.00671 333.0
0.0478848388585 0.00643287250383 0.00671 342.0
0.0460474052805 0.00603420345215 0.00671 351.0
0.0132700869872 0.00170192827102 0.00674 0.0
0.0284306281784 0.00372383424187 0.00674 9.0
0.0501122266253 0.00622349771389 0.00674 18.0
0.0228330608137 0.00292527307404 0.00674 27.0
0.0234667943648 0.0029207711036 0.00674 36.0
0.0227837606579 0.00300153201266 0.00674 54.0
0.0271687075325 0.00362327162338 0.00674 72.0
0.0464818802257 0.00599534809408 0.00674 81.0
0.00324932215491 0.000415151029173 0.00674 90.0
0.0473705258212 0.00620856584151 0.00674 99.0
0.0279973906469 0.00349407069815 0.00674 108.0
0.014529689971 0.00186099874319 0.00674 117.0
0.0224462039538 0.00278792086968 0.00674 135.0
0.0232706965314 0.00297379091448 0.00674 153.0
0.0478736587226 0.00639314394416 0.00674 162.0
0.0326202167468 0.00424192459437 0.00674 171.0
0.0144577990406 0.00184702867224 0.00674 180.0
0.0291189920243 0.00381122632441 0.00674 189.0
0.0500813119386 0.00621687285804 0.00674 198.0
0.0237477217615 0.00295723409965 0.00674 216.0
0.0473969884979 0.00592493087671 0.00674 225.0
0.0227692333808 0.00299957388624 0.00674 234.0
0.0112066296879 0.00144011975307 0.00674 243.0
0.0271693823931 0.00361914782596 0.00674 252.0
0.0455423536589 0.005867264407 0.00674 261.0
0.0488639906441 0.0064044721091 0.00674 279.0
0.0476952454814 0.00600656734143 0.00674 288.0
0.0191793984934 0.00248445143545 0.00674 297.0
0.0139635145004 0.00173652036482 0.00674 306.0
0.0232607985793 0.00301159772214 0.00674 324.0
0.0232852335897 0.00297408582458 0.00674 333.0
0.0495319836273 0.00661331578883 0.00674 342.0
0.047995584134 0.00624764813863 0.00674 351.0
0.0129823219135 0.001661070709 0.0068 0.0
0.0281150798233 0.00367742113871 0.0068 9.0
0.0228320930318 0.00292721504751 0.0068 27.0
0.0472474318975 0.00590451615343 0.0068 45.0
0.0223407593423 0.00293919809153 0.0068 54.0
0.0270976364992 0.0036024818727 0.0068 72.0
0.0224305102849 0.00278606651421 0.0068 135.0
0.0233212563721 0.00301900833599 0.0068 144.0
0.0500556755293 0.00621341412033 0.0068 198.0
0.0228965248994 0.00293515451981 0.0068 207.0
0.0111991354806 0.00143584281759 0.0068 243.0
0.0458459910847 0.00588723551574 0.0068 261.0
0.0223726570477 0.00285161357775 0.0068 270.0
0.0483038483876 0.00632262394849 0.0068 279.0
0.0476946781893 0.00600598669092 0.0068 288.0
0.0306619149891 0.0037895062252 0.0068 315.0
0.0232659693976 0.00300930180598 0.0068 324.0
0.0458394517339 0.00594555432223 0.0068 351.0
0.0131026002838 0.00165802589477 0.00683 0.0
0.0279075610219 0.00362583209932 0.00683 9.0
0.0501110916469 0.00620981540612 0.00683 18.0
0.0228325469256 0.0029307081217 0.00683 27.0
0.0234666185324 0.00292986727636 0.00683 36.0
0.0473758933265 0.00592017347269 0.00683 45.0
0.0224633195474 0.00294166755894 0.00683 54.0
0.0112067852506 0.00142447160334 0.00683 63.0
0.0271807979009 0.00356922875431 0.00683 72.0
0.0418308765924 0.00530485023572 0.00683 81.0
0.00681551893686 0.000850891166184 0.00683 90.0
0.042728113305 0.00555668247054 0.00683 99.0
0.0279167734663 0.00347837355155 0.00683 108.0
0.0145296660771 0.00186479832724 0.00683 117.0
0.0146059185646 0.00182231607896 0.00683 126.0
0.0224461703634 0.00278721183662 0.00683 135.0
0.0234841826007 0.00302609765596 0.00683 144.0
0.0232698424953 0.00293965379251 0.00683 153.0
0.0478720501843 0.00629674605773 0.00683 162.0
0.0326193243431 0.00417370379386 0.00683 171.0
0.014450680638 0.00182222235321 0.00683 180.0
0.0291179284702 0.00378238643486 0.00683 189.0
0.0500804891289 0.00620502950482 0.00683 198.0
0.0228964857906 0.00293865474655 0.00683 207.0
0.0237477633525 0.00296586476167 0.00683 216.0
0.0473966924026 0.00592403814703 0.00683 225.0
0.0223288902819 0.00292435642017 0.00683 234.0
0.0112064348686 0.0014238743035 0.00683 243.0
0.0271685206894 0.00356531316104 0.00683 252.0
0.0455531638266 0.0057737916193 0.00683 261.0
0.0223722266038 0.00282105472846 0.00683 270.0
0.0488830125132 0.00635768129474 0.00683 279.0
0.0476944641911 0.00599470022944 0.00683 288.0
0.019179240294 0.00248871907406 0.00683 297.0
0.0139633776507 0.00174150530649 0.00683 306.0
0.0304993400381 0.00376989991057 0.00683 315.0
0.0232604389943 0.00299589272167 0.00683 324.0
0.0232845848408 0.00294097286227 0.00683 333.0
0.0495198634582 0.0065132108063 0.00683 342.0
0.0470367639948 0.0060229195988 0.00683 351.0
0.0132384444109 0.0016888010884 0.00686 0.0
0.0282625913889 0.003689952488 0.00686 9.0
0.0501565327364 0.00622311649286 0.00686 18.0
0.0228291304204 0.0029265204913 0.00686 27.0
0.0234666253903 0.00292393121599 0.00686 36.0
0.0473765255967 0.00591903261953 0.00686 45.0
0.0227888396104 0.00299531697483 0.00686 54.0
0.0111966260883 0.00143289529659 0.00686 63.0
0.0271784591512 0.0036020075459 0.00686 72.0
0.0460326214454 0.00589730939415 0.00686 81.0
0.00348326671912 0.000439189980889 0.00686 90.0
0.0424120567204 0.00554177626479 0.00686 99.0
0.0282119446875 0.00351812783507 0.00686 108.0
0.0145295690235 0.00186223569087 0.00686 117.0
0.0145976562291 0.00181789010689 0.00686 126.0
0.022659808565 0.00281415034588 0.00686 135.0
0.0235896025115 0.00304946041181 0.00686 144.0
0.0232634605775 0.00295907798179 0.00686 153.0
0.0478751262362 0.00635451690749 0.00686 162.0
0.0326659404582 0.00422027949954 0.00686 171.0
0.0144636158156 0.00183805453681 0.00686 180.0
0.029211208991 0.00381171392707 0.00686 189.0
0.0500890148792 0.00621244787722 0.00686 198.0
0.0228966324468 0.00293505103383 0.00686 207.0
0.0237477347015 0.00296019120293 0.00686 216.0
0.0473974989809 0.00592371730286 0.00686 225.0
0.0227745374119 0.00299343568108 0.00686 234.0
0.0111957546328 0.00143197099232 0.00686 243.0
0.02716313644 0.00359653784419 0.00686 252.0
0.0457114998902 0.00585029853053 0.00686 261.0
0.0227925102004 0.00289721117681 0.00686 270.0
0.0488637212595 0.00638443576303 0.00686 279.0
0.0476970872963 0.00600148999955 0.00686 288.0
0.0191768829276 0.00248540803775 0.00686 297.0
0.0138899202697 0.00172913436234 0.00686 306.0
0.0305972308044 0.00378069239992 0.00686 315.0
0.0232042966432 0.00299791343407 0.00686 324.0
0.0232847988131 0.00296062678893 0.00686 333.0
0.0495311563867 0.00657361478007 0.00686 342.0
0.0479942832791 0.00620705140701 0.00686 351.0
0.0129856698174 0.00165847118315 0.00689 0.0
0.0279077726749 0.00364596771442 0.00689 9.0
0.0501116374073 0.00622061590013 0.00689 18.0
0.0228329359638 0.00292777447991 0.00689 27.0
0.0234666636968 0.00292450971682 0.00689 36.0
0.0472473570409 0.00590465442021 0.00689 45.0
0.0223417768978 0.00293722531756 0.00689 54.0
0.0112072536116 0.00143557738132 0.00689 63.0
0.0271813793715 0.00360626644453 0.00689 72.0
0.0417152044155 0.00534956650116 0.00689 81.0
0.00381290245264 0.000486453907282 0.00689 90.0
0.0422479695429 0.00552373817318 0.00689 99.0
0.0279417018965 0.00348605579569 0.00689 108.0
0.0145296479042 0.00186270932212 0.00689 117.0
0.0146129722669 0.00181984793055 0.00689 126.0
0.022405013171 0.00278309915577 0.00689 135.0
0.0235000358343 0.00303976953394 0.00689 144.0
0.0232669034934 0.00296194150119 0.00689 153.0
0.048431121578 0.00643533586902 0.00689 162.0
0.0325028871172 0.00420411655201 0.00689 171.0
0.0144094953213 0.00183342834365 0.00689 180.0
0.0291236516974 0.00380306464395 0.00689 189.0
0.0500809534841 0.0062146345372 0.00689 198.0
0.0228965725859 0.00293580985532 0.00689 207.0
0.0237478284953 0.00296071570477 0.00689 216.0
0.046856601477 0.0058584278951 0.00689 225.0
0.0223291242874 0.00293541482271 0.00689 234.0
0.0112065518459 0.00143478634738 0.00689 243.0
0.0271691471181 0.00360116482064 0.00689 252.0
0.0455537295368 0.00583730530633 0.00689 261.0
0.0223725520075 0.00284656307721 0.00689 270.0
0.0483035202059 0.00631568778078 0.00689 279.0
0.0476947740304 0.00600419803568 0.00689 288.0
0.0191793838626 0.00248644724929 0.00689 297.0
0.0139635740052 0.00173851189273 0.00689 306.0
0.0304992392568 0.00377018373328 0.00689 315.0
0.0232606752507 0.00300660655515 0.00689 324.0
0.0232848804145 0.00296305257351 0.00689 333.0
0.0478811763534 0.00636011635665 0.00689 342.0
0.0458385833194 0.00593244605012 0.00689 351.0
0.0231931650496 0.00301213601224 0.00692 0.0
0.045534672778 0.00601242144022 0.00692 9.0
0.0286042712752 0.00356022527001 0.00692 18.0
0.0233850399746 0.00299763163527 0.00692 27.0
0.023448286289 0.00292133025517 0.00692 36.0
0.0466986790182 0.0058365617823 0.00692 45.0
0.0239056246323 0.00314992089976 0.00692 54.0
0.0232267217263 0.00302044021287 0.00692 63.0
0.0278500174978 0.00372063528254 0.00692 72.0
0.0440600896577 0.00566120475215 0.00692 81.0
0.00596919804238 0.000772091864962 0.00692 90.0
0.0466840622792 0.00610990700376 0.00692 99.0
0.0476224987925 0.0059930132798 0.00692 108.0
0.0239262105735 0.00312344977217 0.00692 117.0
0.0230554285526 0.00293263645974 0.00692 126.0
0.0163521707853 0.00203552451312 0.00692 135.0
0.0241904933963 0.00313142361034 0.00692 144.0
0.023322418996 0.00297369646577 0.00692 153.0
0.0478061995908 0.00636325607096 0.00692 162.0
0.0477332039808 0.00619000319209 0.00692 171.0
0.0234468701048 0.0030428504417 0.00692 180.0
0.045617468459 0.00601871664959 0.00692 189.0
0.0286020735234 0.00355795590499 0.00692 198.0
0.0233828986573 0.00299726756565 0.00692 207.0
0.0234451707265 0.00292209254994 0.00692 216.0
0.0466803171416 0.0058365993413 0.00692 225.0
0.0238864819563 0.00314721107307 0.00692 234.0
0.023211617398 0.00301664266974 0.00692 243.0
0.0278435451365 0.00371596011721 0.00692 252.0
0.0462146457992 0.00593208816774 0.00692 261.0
0.0222908819465 0.00284029622362 0.00692 270.0
0.0472994513703 0.00618931674169 0.00692 279.0
0.0476891983171 0.00600412377461 0.00692 288.0
0.0242534257315 0.00316872819861 0.00692 297.0
0.0236453593074 0.00300946844381 0.00692 306.0
0.0163597808012 0.00203527076228 0.00692 315.0
0.024205158389 0.00313090524674 0.00692 324.0
0.0233229411215 0.00297209880396 0.00692 333.0
0.0478088808569 0.00636182525623 0.00692 342.0
0.0473348710194 0.00613959643503 0.00692 351.0
0.0227394394052 0.00287737009849 0.00695 0.0
0.0476574265878 0.00621337607034 0.00695 9.0
0.0311942907391 0.00392277003217 0.00695 18.0
0.014425945138 0.00179831737225 0.00695 36.0
0.0319961850115 0.00395252896633 0.00695 45.0
0.0236323788767 0.00304808484782 0.00695 54.0
0.0232646174312 0.00294754254142 0.00695 63.0
0.0474292472738 0.00626286029672 0.00695 72.0
0.0210770787365 0.00269711209628 0.00695 81.0
0.00583142002616 0.000751750774526 0.00695 90.0
0.0277083749634 0.00360569688492 0.00695 99.0
0.0464251547259 0.0057785387263 0.00695 108.0
0.0231219748128 0.00296670072931 0.00695 117.0
0.0236258697117 0.00295006270836 0.00695 126.0
0.0458807720543 0.00573598963835 0.00695 135.0
0.014036805029 0.00181517604744 0.00695 144.0
0.0144194820385 0.00182594638492 0.00695 153.0
0.0275512040199 0.00362876681548 0.00695 162.0
0.0465829975958 0.00592761517446 0.00695 171.0
0.0228311276563 0.00288778195217 0.00695 180.0
0.0476803971399 0.00621296831749 0.00695 189.0
0.0311905002521 0.00392082248393 0.00695 198.0
0.0144736973508 0.00185798747115 0.00695 207.0
0.014425095879 0.00179864469381 0.00695 216.0
0.0319900853497 0.00395290713 0.00695 225.0
0.0233275210329 0.00300894769493 0.00695 234.0
0.0231889778966 0.00293685159728 0.00695 243.0
0.0474279163955 0.00625835049376 0.00695 252.0
0.0226407544012 0.0028933831177 0.00695 261.0
0.0145058295645 0.00183508617127 0.00695 270.0
0.0288422209116 0.00375469411081 0.00695 279.0
0.0519636892377 0.00644093085873 0.00695 288.0
0.0230490824733 0.00295829832417 0.00695 297.0
0.023771746575 0.00296818297374 0.00695 306.0
0.0473572515142 0.00592023159166 0.00695 315.0
0.0119067304716 0.00154858766038 0.00695 324.0
0.0144413436935 0.00182811903238 0.00695 333.0
0.0275590944244 0.00362917570134 0.00695 342.0
0.0466466542156 0.00593642119162 0.00695 351.0
0.0476171064745 0.0062160196902 0.00698 9.0
0.0310234449453 0.00390096667523 0.00698 18.0
0.0144391649194 0.00185267222485 0.00698 27.0
0.0144204607964 0.00179638579371 0.00698 36.0
0.0320237320835 0.00395606053571 0.00698 45.0
0.0235817984229 0.00304535667489 0.00698 54.0
0.0232566885518 0.00295370233878 0.00698 63.0
0.0473058441959 0.00626632872407 0.00698 72.0
0.022491860036 0.00288614940901 0.00698 81.0
0.00516846682305 0.00065446516782 0.00698 90.0
0.0279239172262 0.00363812284197 0.00698 99.0
0.0458731039902 0.00570975466102 0.00698 108.0
0.0231190077374 0.00296444471609 0.00698 117.0
0.0235916108406 0.00294363360109 0.00698 126.0
0.0460993530575 0.00576450418473 0.00698 135.0
0.0139932958158 0.00181203022702 0.00698 144.0
0.014529388965 0.00184482784195 0.00698 153.0
0.0278960202331 0.00368571705128 0.00698 162.0
0.0462915135807 0.00590867979752 0.00698 171.0
0.0225535282317 0.00285947609577 0.00698 180.0
0.0476023003461 0.00621009620142 0.00698 189.0
0.0310205541997 0.00389899094089 0.00698 198.0
0.0144376978693 0.00185235567027 0.00698 207.0
0.0144195705632 0.00179666895127 0.00698 216.0
0.0320169900354 0.00395647479546 0.00698 225.0
0.0235806483814 0.00304524111938 0.00698 234.0
0.0232629754717 0.00295312861927 0.00698 243.0
0.0476389119686 0.00630529691557 0.00698 252.0
0.0144908029425 0.00183758366036 0.00698 270.0
0.0288826083804 0.00376452407265 0.00698 279.0
0.0523678459562 0.00649048737324 0.00698 288.0
0.0231060386382 0.00296368464651 0.00698 297.0
0.0237829830028 0.00296764150202 0.00698 306.0
0.047235288509 0.00590540184137 0.00698 315.0
0.011882369713 0.00154733981568 0.00698 324.0
0.0144444169869 0.00183300931449 0.00698 333.0
0.0279075713186 0.00368655375377 0.00698 342.0
0.0466340109045 0.0059529903321 0.00698 351.0
0.0227394161589 0.00288644074793 0.00701 0.0
0.0472345887881 0.00616976431128 0.00701 9.0
0.0310723980514 0.00390931353509 0.00701 18.0
0.014475840098 0.00185758718367 0.00701 27.0
0.0144282748563 0.00179729850013 0.00701 36.0
0.0319678072495 0.00394876166482 0.00701 45.0
0.0232367646786 0.00300098577272 0.00701 54.0
0.0231736113199 0.00294403832991 0.00701 63.0
0.0474234611028 0.00628500250951 0.00701 72.0
0.0225623347316 0.00289712096612 0.00701 81.0
0.00598071680731 0.000763133553356 0.00701 90.0
0.027746620229 0.0036171177967 0.00701 99.0
0.0457446531457 0.00569632240252 0.00701 108.0
0.0231134111785 0.00296426108705 0.00701 117.0
0.0236592298548 0.00295235432305 0.00701 126.0
0.0459812054254 0.00574926364068 0.00701 135.0
0.0140368360423 0.00181756256511 0.00701 144.0
0.0144197113863 0.00183093926456 0.00701 153.0
0.0275599722392 0.00364286808724 0.00701 162.0
0.0462796819475 0.00591142632502 0.00701 171.0
0.0228187679799 0.00289506114565 0.00701 180.0
0.0474913358396 0.00619950091657 0.00701 189.0
0.0310678123702 0.00390705120275 0.00701 198.0
0.014473850057 0.00185721222339 0.00701 207.0
0.0144274898354 0.00179773786469 0.00701 216.0
0.0319611543555 0.00394928120742 0.00701 225.0
0.0232352235519 0.00300085209174 0.00701 234.0
0.0231926643593 0.00294510829167 0.00701 243.0
0.0474460315215 0.00628264015877 0.00701 252.0
0.0226413623124 0.00290437200939 0.00701 261.0
0.0145068127182 0.00184091378534 0.00701 270.0
0.0288436945673 0.00376167617175 0.00701 279.0
0.0521735290957 0.00646983185836 0.00701 288.0
0.0231284344069 0.00296695599051 0.00701 297.0
0.0237717870405 0.00296620238585 0.00701 306.0
0.0473571286551 0.00592024441088 0.00701 315.0
0.0119067649058 0.0015505624461 0.00701 324.0
0.0144412981563 0.00183296202358 0.00701 333.0
0.0275522954339 0.00364100187996 0.00701 342.0
0.0464006303011 0.00592749985292 0.00701 351.0
0.0227239626664 0.00286256678952 0.00704 0.0
0.0478970516128 0.00622753191196 0.00704 9.0
0.0310476965352 0.00390010062755 0.00704 18.0
0.0144390809456 0.00185455307768 0.00704 27.0
0.0144204082698 0.00179935504707 0.00704 36.0
0.0320237084097 0.00395668467246 0.00704 45.0
0.023581299055 0.00303691432677 0.00704 54.0
0.0232544906139 0.00293567525442 0.00704 63.0
0.0471209574105 0.00619186209861 0.00704 72.0
0.0227824074277 0.00289805508058 0.00704 81.0
0.0066268027394 0.000821897747836 0.00704 90.0
0.0279571280769 0.00362823090324 0.00704 99.0
0.0459269315609 0.00571188776037 0.00704 108.0
0.0231190229587 0.0029678446913 0.00704 117.0
0.0235915335307 0.00294827060222 0.00704 126.0
0.0460992334949 0.00576372089365 0.00704 135.0
0.0139931875063 0.00180679637301 0.00704 144.0
0.0145289832189 0.00183391043036 0.00704 153.0
0.02789561074 0.00365695222359 0.00704 162.0
0.0463582554683 0.00586758674571 0.00704 171.0
0.0228204677432 0.00287382482721 0.00704 180.0
0.047763912641 0.0062072638037 0.00704 189.0
0.0310446133268 0.00389858121249 0.00704 198.0
0.0144376419326 0.00185425669351 0.00704 207.0
0.0144195114227 0.00179950655273 0.00704 216.0
0.0320168259858 0.00395670912297 0.00704 225.0
0.0235803581379 0.00303670287721 0.00704 234.0
0.0232627646519 0.0029358436737 0.00704 243.0
0.0476382836711 0.00625671717473 0.00704 252.0
0.0230741017769 0.00293353766157 0.00704 261.0
0.0144951456986 0.00182571605225 0.00704 270.0
0.0288822941197 0.00374969445959 0.00704 279.0
0.0523674639529 0.00648459340911 0.00704 288.0
0.0231059418685 0.00296687819238 0.00704 297.0
0.0237622579815 0.0029695900987 0.00704 306.0
0.0473737210842 0.00592288060889 0.00704 315.0
0.0118849704461 0.00154350360249 0.00704 324.0
0.0144440814584 0.00182248127704 0.00704 333.0
0.0279076739916 0.00365793803973 0.00704 342.0
0.0467496979194 0.00591733532887 0.00704 351.0