0.0 0.0
0.0 0.0105263157895
0.0 0.0210526315789
0.0 0.0315789473684
0.0 0.0421052631579
0.0 0.0526315789474
0.0 0.0631578947368
0.0 0.0736842105263
0.0 0.0842105263158
0.0 0.0947368421053
0.0 0.105263157895
0.0 0.115789473684
0.0 0.126315789474
0.0 0.136842105263
0.0 0.147368421053
0.0 0.157894736842
0.0 0.168421052632
0.0 0.178947368421
0.0 0.189473684211
0.0 0.2
0.020202020202 0.0
0.020202020202 0.0105263157895
0.020202020202 0.0210526315789
0.020202020202 0.0315789473684
0.020202020202 0.0421052631579
0.020202020202 0.0526315789474
0.020202020202 0.0631578947368
0.020202020202 0.0736842105263
0.020202020202 0.0842105263158
0.020202020202 0.0947368421053
0.020202020202 0.105263157895
0.020202020202 0.115789473684
0.020202020202 0.126315789474
0.020202020202 0.136842105263
0.020202020202 0.147368421053
0.020202020202 0.157894736842
0.020202020202 0.168421052632
0.020202020202 0.178947368421
0.020202020202 0.189473684211
0.020202020202 0.2
0.040404040404 0.0
0.040404040404 0.0105263157895
0.040404040404 0.0210526315789
0.040404040404 0.0315789473684
0.040404040404 0.0421052631579
0.040404040404 0.0526315789474
0.040404040404 0.0631578947368
0.040404040404 0.0736842105263
0.040404040404 0.0842105263158
0.040404040404 0.0947368421053
0.040404040404 0.105263157895
0.040404040404 0.115789473684
0.040404040404 0.126315789474
0.040404040404 0.136842105263
0.040404040404 0.147368421053
0.040404040404 0.157894736842
0.040404040404 0.168421052632
0.040404040404 0.178947368421
0.040404040404 0.189473684211
0.040404040404 0.2
0.0606060606061 0.0
0.0606060606061 0.0105263157895
0.0606060606061 0.0210526315789
0.0606060606061 0.0315789473684
0.0606060606061 0.0421052631579
0.0606060606061 0.0526315789474
0.0606060606061 0.0631578947368
0.0606060606061 0.0736842105263
0.0606060606061 0.0842105263158
0.0606060606061 0.0947368421053
0.0606060606061 0.105263157895
0.0606060606061 0.115789473684
0.0606060606061 0.126315789474
0.0606060606061 0.136842105263
0.0606060606061 0.147368421053
0.0606060606061 0.157894736842
0.0606060606061 0.168421052632
0.0606060606061 0.178947368421
0.0606060606061 0.189473684211
0.0606060606061 0.2
0.0808080808081 0.0
0.0808080808081 0.0105263157895
0.0808080808081 0.0210526315789
0.0808080808081 0.0315789473684
0.0808080808081 0.0421052631579
0.0808080808081 0.0526315789474
0.0808080808081 0.0631578947368
0.0808080808081 0.0736842105263
0.0808080808081 0.0842105263158
0.0808080808081 0.0947368421053
0.0808080808081 0.105263157895
0.0808080808081 0.115789473684
0.0808080808081 0.126315789474
0.0808080808081 0.136842105263
0.0808080808081 0.147368421053
0.0808080808081 0.157894736842
0.0808080808081 0.168421052632
0.0808080808081 0.178947368421
0.0808080808081 0.189473684211
0.0808080808081 0.2
0.10101010101 0.0
0.10101010101 0.0105263157895
0.10101010101 0.0210526315789
0.10101010101 0.0315789473684
0.10101010101 0.0421052631579
0.10101010101 0.0526315789474
0.10101010101 0.0631578947368
0.10101010101 0.0736842105263
0.10101010101 0.0842105263158
0.10101010101 0.0947368421053
0.10101010101 0.105263157895
0.10101010101 0.115789473684
0.10101010101 0.126315789474
0.10101010101 0.136842105263
0.10101010101 0.147368421053
0.10101010101 0.157894736842
0.10101010101 0.168421052632
0.10101010101 0.178947368421
0.10101010101 0.189473684211
0.10101010101 0.2
0.121212121212 0.0
0.121212121212 0.0105263157895
0.121212121212 0.0210526315789
0.121212121212 0.0315789473684
0.121212121212 0.0421052631579
0.121212121212 0.0526315789474
0.121212121212 0.0631578947368
0.121212121212 0.0736842105263
0.121212121212 0.0842105263158
0.121212121212 0.0947368421053
0.121212121212 0.105263157895
0.121212121212 0.115789473684
0.121212121212 0.126315789474
0.121212121212 0.136842105263
0.121212121212 0.147368421053
0.121212121212 0.157894736842
0.121212121212 0.168421052632
0.121212121212 0.178947368421
0.121212121212 0.189473684211
0.121212121212 0.2
0.141414141414 0.0
0.141414141414 0.0105263157895
0.141414141414 0.0210526315789
0.141414141414 0.0315789473684
0.141414141414 0.0421052631579
0.141414141414 0.0526315789474
0.141414141414 0.0631578947368
0.141414141414 0.0736842105263
0.141414141414 0.0842105263158
0.141414141414 0.0947368421053
0.141414141414 0.105263157895
0.141414141414 0.115789473684
0.141414141414 0.126315789474
0.141414141414 0.136842105263
0.141414141414 0.147368421053
0.141414141414 0.157894736842
0.141414141414 0.168421052632
0.141414141414 0.178947368421
0.141414141414 0.189473684211
0.141414141414 0.2
0.161616161616 0.0
0.161616161616 0.0105263157895
0.161616161616 0.0210526315789
0.161616161616 0.0315789473684
0.161616161616 0.0421052631579
0.161616161616 0.0526315789474
0.161616161616 0.0631578947368
0.161616161616 0.0736842105263
0.161616161616 0.0842105263158
0.161616161616 0.0947368421053
0.161616161616 0.105263157895
0.161616161616 0.115789473684
0.161616161616 0.126315789474
0.161616161616 0.136842105263
0.161616161616 0.147368421053
0.161616161616 0.157894736842
0.161616161616 0.168421052632
0.161616161616 0.178947368421
0.161616161616 0.189473684211
0.161616161616 0.2
0.181818181818 0.0
0.181818181818 0.0105263157895
0.181818181818 0.0210526315789
0.181818181818 0.0315789473684
0.181818181818 0.0421052631579
0.181818181818 0.0526315789474
0.181818181818 0.0631578947368
0.181818181818 0.0736842105263
0.181818181818 0.0842105263158
0.181818181818 0.0947368421053
0.181818181818 0.105263157895
0.181818181818 0.115789473684
0.181818181818 0.126315789474
0.181818181818 0.136842105263
0.181818181818 0.147368421053
0.181818181818 0.157894736842
0.181818181818 0.168421052632
0.181818181818 0.178947368421
0.181818181818 0.189473684211
0.181818181818 0.2
0.20202020202 0.0
0.20202020202 0.0105263157895
0.20202020202 0.0210526315789
0.20202020202 0.0315789473684
0.20202020202 0.0421052631579
0.20202020202 0.0526315789474
0.20202020202 0.0631578947368
0.20202020202 0.0736842105263
0.20202020202 0.0842105263158
0.20202020202 0.0947368421053
0.20202020202 0.105263157895
0.20202020202 0.115789473684
0.20202020202 0.126315789474
0.20202020202 0.136842105263
0.20202020202 0.147368421053
0.20202020202 0.157894736842
0.20202020202 0.168421052632
0.20202020202 0.178947368421
0.20202020202 0.189473684211
0.20202020202 0.2
0.222222222222 0.0
0.222222222222 0.0105263157895
0.222222222222 0.0210526315789
0.222222222222 0.0315789473684
0.222222222222 0.0421052631579
0.222222222222 0.0526315789474
0.222222222222 0.0631578947368
0.222222222222 0.0736842105263
0.222222222222 0.0842105263158
0.222222222222 0.0947368421053
0.222222222222 0.105263157895
0.222222222222 0.115789473684
0.222222222222 0.126315789474
0.222222222222 0.136842105263
0.222222222222 0.147368421053
0.222222222222 0.157894736842
0.222222222222 0.168421052632
0.222222222222 0.178947368421
0.222222222222 0.189473684211
0.222222222222 0.2
0.242424242424 0.0
0.242424242424 0.0105263157895
0.242424242424 0.0210526315789
0.242424242424 0.0315789473684
0.242424242424 0.0421052631579
0.242424242424 0.0526315789474
0.242424242424 0.0631578947368
0.242424242424 0.0736842105263
0.242424242424 0.0842105263158
0.242424242424 0.0947368421053
0.242424242424 0.105263157895
0.242424242424 0.115789473684
0.242424242424 0.126315789474
0.242424242424 0.136842105263
0.242424242424 0.147368421053
0.242424242424 0.157894736842
0.242424242424 0.168421052632
0.242424242424 0.178947368421
0.242424242424 0.189473684211
0.242424242424 0.2
0.262626262626 0.0
0.262626262626 0.0105263157895
0.262626262626 0.0210526315789
0.262626262626 0.0315789473684
0.262626262626 0.0421052631579
0.262626262626 0.0526315789474
0.262626262626 0.0631578947368
0.262626262626 0.0736842105263
0.262626262626 0.0842105263158
0.262626262626 0.0947368421053
0.262626262626 0.105263157895
0.262626262626 0.115789473684
0.262626262626 0.126315789474
0.262626262626 0.136842105263
0.262626262626 0.147368421053
0.262626262626 0.157894736842
0.262626262626 0.168421052632
0.262626262626 0.178947368421
0.262626262626 0.189473684211
0.262626262626 0.2
0.282828282828 0.0
0.282828282828 0.0105263157895
0.282828282828 0.0210526315789
0.282828282828 0.0315789473684
0.282828282828 0.0421052631579
0.282828282828 0.0526315789474
0.282828282828 0.0631578947368
0.282828282828 0.0736842105263
0.282828282828 0.0842105263158
0.282828282828 0.0947368421053
0.282828282828 0.105263157895
0.282828282828 0.115789473684
0.282828282828 0.126315789474
0.282828282828 0.136842105263
0.282828282828 0.147368421053
0.282828282828 0.157894736842
0.282828282828 0.168421052632
0.282828282828 0.178947368421
0.282828282828 0.189473684211
0.282828282828 0.2
0.30303030303 0.0
0.30303030303 0.0105263157895
0.30303030303 0.0210526315789
0.30303030303 0.0315789473684
0.30303030303 0.0421052631579
0.30303030303 0.0526315789474
0.30303030303 0.0631578947368
0.30303030303 0.0736842105263
0.30303030303 0.0842105263158
0.30303030303 0.0947368421053
0.30303030303 0.105263157895
0.30303030303 0.115789473684
0.30303030303 0.126315789474
0.30303030303 0.136842105263
0.30303030303 0.147368421053
0.30303030303 0.157894736842
0.30303030303 0.168421052632
0.30303030303 0.178947368421
0.30303030303 0.189473684211
0.30303030303 0.2
0.323232323232 0.0
0.323232323232 0.0105263157895
0.323232323232 0.0210526315789
0.323232323232 0.0315789473684
0.323232323232 0.0421052631579
0.323232323232 0.0526315789474
0.323232323232 0.0631578947368
0.323232323232 0.0736842105263
0.323232323232 0.0842105263158
0.323232323232 0.0947368421053
0.323232323232 0.105263157895
0.323232323232 0.115789473684
0.323232323232 0.126315789474
0.323232323232 0.136842105263
0.323232323232 0.147368421053
0.323232323232 0.157894736842
0.323232323232 0.168421052632
0.323232323232 0.178947368421
0.323232323232 0.189473684211
0.323232323232 0.2
0.343434343434 0.0
0.343434343434 0.0105263157895
0.343434343434 0.0210526315789
0.343434343434 0.0315789473684
0.343434343434 0.0421052631579
0.343434343434 0.0526315789474
0.343434343434 0.0631578947368
0.343434343434 0.0736842105263
0.343434343434 0.0842105263158
0.343434343434 0.0947368421053
0.343434343434 0.105263157895
0.343434343434 0.115789473684
0.343434343434 0.126315789474
0.343434343434 0.136842105263
0.343434343434 0.147368421053
0.343434343434 0.157894736842
0.343434343434 0.168421052632
0.343434343434 0.178947368421
0.343434343434 0.189473684211
0.343434343434 0.2
0.363636363636 0.0
0.363636363636 0.0105263157895
0.363636363636 0.0210526315789
0.363636363636 0.0315789473684
0.363636363636 0.0421052631579
0.363636363636 0.0526315789474
0.363636363636 0.0631578947368
0.363636363636 0.0736842105263
0.363636363636 0.0842105263158
0.363636363636 0.0947368421053
0.363636363636 0.105263157895
0.363636363636 0.115789473684
0.363636363636 0.126315789474
0.363636363636 0.136842105263
0.363636363636 0.147368421053
0.363636363636 0.157894736842
0.363636363636 0.168421052632
0.363636363636 0.178947368421
0.363636363636 0.189473684211
0.363636363636 0.2
0.383838383838 0.0
0.383838383838 0.0105263157895
0.383838383838 0.0210526315789
0.383838383838 0.0315789473684
0.383838383838 0.0421052631579
0.383838383838 0.0526315789474
0.383838383838 0.0631578947368
0.383838383838 0.0736842105263
0.383838383838 0.0842105263158
0.383838383838 0.0947368421053
0.383838383838 0.105263157895
0.383838383838 0.115789473684
0.383838383838 0.126315789474
0.383838383838 0.136842105263
0.383838383838 0.147368421053
0.383838383838 0.157894736842
0.383838383838 0.168421052632
0.383838383838 0.178947368421
0.383838383838 0.189473684211
0.383838383838 0.2
0.40404040404 0.0
0.40404040404 0.0105263157895
0.40404040404 0.0210526315789
0.40404040404 0.0315789473684
0.40404040404 0.0421052631579
0.40404040404 0.0526315789474
0.40404040404 0.0631578947368
0.40404040404 0.0736842105263
0.40404040404 0.0842105263158
0.40404040404 0.0947368421053
0.40404040404 0.105263157895
0.40404040404 0.115789473684
0.40404040404 0.126315789474
0.40404040404 0.136842105263
0.40404040404 0.147368421053
0.40404040404 0.157894736842
0.40404040404 0.168421052632
0.40404040404 0.178947368421
0.40404040404 0.189473684211
0.40404040404 0.2
0.424242424242 0.0
0.424242424242 0.0105263157895
0.424242424242 0.0210526315789
0.424242424242 0.0315789473684
0.424242424242 0.0421052631579
0.424242424242 0.0526315789474
0.424242424242 0.0631578947368
0.424242424242 0.0736842105263
0.424242424242 0.0842105263158
0.424242424242 0.0947368421053
0.424242424242 0.105263157895
0.424242424242 0.115789473684
0.424242424242 0.126315789474
0.424242424242 0.136842105263
0.424242424242 0.147368421053
0.424242424242 0.157894736842
0.424242424242 0.168421052632
0.424242424242 0.178947368421
0.424242424242 0.189473684211
0.424242424242 0.2
0.444444444444 0.0
0.444444444444 0.0105263157895
0.444444444444 0.0210526315789
0.444444444444 0.0315789473684
0.444444444444 0.0421052631579
0.444444444444 0.0526315789474
0.444444444444 0.0631578947368
0.444444444444 0.0736842105263
0.444444444444 0.0842105263158
0.444444444444 0.0947368421053
0.444444444444 0.105263157895
0.444444444444 0.115789473684
0.444444444444 0.126315789474
0.444444444444 0.136842105263
0.444444444444 0.147368421053
0.444444444444 0.157894736842
0.444444444444 0.168421052632
0.444444444444 0.178947368421
0.444444444444 0.189473684211
0.444444444444 0.2
0.464646464646 0.0
0.464646464646 0.0105263157895
0.464646464646 0.0210526315789
0.464646464646 0.0315789473684
0.464646464646 0.0421052631579
0.464646464646 0.0526315789474
0.464646464646 0.0631578947368
0.464646464646 0.0736842105263
0.464646464646 0.0842105263158
0.464646464646 0.0947368421053
0.464646464646 0.105263157895
0.464646464646 0.115789473684
0.464646464646 0.126315789474
0.464646464646 0.136842105263
0.464646464646 0.147368421053
0.464646464646 0.157894736842
0.464646464646 0.168421052632
0.464646464646 0.178947368421
0.464646464646 0.189473684211
0.464646464646 0.2
0.484848484848 0.0
0.484848484848 0.0105263157895
0.484848484848 0.0210526315789
0.484848484848 0.0315789473684
0.484848484848 0.0421052631579
0.484848484848 0.0526315789474
0.484848484848 0.0631578947368
0.484848484848 0.0736842105263
0.484848484848 0.0842105263158
0.484848484848 0.0947368421053
0.484848484848 0.105263157895
0.484848484848 0.115789473684
0.484848484848 0.126315789474
0.484848484848 0.136842105263
0.484848484848 0.147368421053
0.484848484848 0.157894736842
0.484848484848 0.168421052632
0.484848484848 0.178947368421
0.484848484848 0.189473684211
0.484848484848 0.2
0.505050505051 0.0
0.505050505051 0.0105263157895
0.505050505051 0.0210526315789
0.505050505051 0.0315789473684
0.505050505051 0.0421052631579
0.505050505051 0.0526315789474
0.505050505051 0.0631578947368
0.505050505051 0.0736842105263
0.505050505051 0.0842105263158
0.505050505051 0.0947368421053
0.505050505051 0.105263157895
0.505050505051 0.115789473684
0.505050505051 0.126315789474
0.505050505051 0.136842105263
0.505050505051 0.147368421053
0.505050505051 0.157894736842
0.505050505051 0.168421052632
0.505050505051 0.178947368421
0.505050505051 0.189473684211
0.505050505051 0.2
0.525252525253 0.0
0.525252525253 0.0105263157895
0.525252525253 0.0210526315789
0.525252525253 0.0315789473684
0.525252525253 0.0421052631579
0.525252525253 0.0526315789474
0.525252525253 0.0631578947368
0.525252525253 0.0736842105263
0.525252525253 0.0842105263158
0.525252525253 0.0947368421053
0.525252525253 0.105263157895
0.525252525253 0.115789473684
0.525252525253 0.126315789474
0.525252525253 0.136842105263
0.525252525253 0.147368421053
0.525252525253 0.157894736842
0.525252525253 0.168421052632
0.525252525253 0.178947368421
0.525252525253 0.189473684211
0.525252525253 0.2
0.545454545455 0.0
0.545454545455 0.0105263157895
0.545454545455 0.0210526315789
0.545454545455 0.0315789473684
0.545454545455 0.0421052631579
0.545454545455 0.0526315789474
0.545454545455 0.0631578947368
0.545454545455 0.0736842105263
0.545454545455 0.0842105263158
0.545454545455 0.0947368421053
0.545454545455 0.105263157895
0.545454545455 0.115789473684
0.545454545455 0.126315789474
0.545454545455 0.136842105263
0.545454545455 0.147368421053
0.545454545455 0.157894736842
0.545454545455 0.168421052632
0.545454545455 0.178947368421
0.545454545455 0.189473684211
0.545454545455 0.2
0.565656565657 0.0
0.565656565657 0.0105263157895
0.565656565657 0.0210526315789
0.565656565657 0.0315789473684
0.565656565657 0.0421052631579
0.565656565657 0.0526315789474
0.565656565657 0.0631578947368
0.565656565657 0.0736842105263
0.565656565657 0.0842105263158
0.565656565657 0.0947368421053
0.565656565657 0.105263157895
0.565656565657 0.115789473684
0.565656565657 0.126315789474
0.565656565657 0.136842105263
0.565656565657 0.147368421053
0.565656565657 0.157894736842
0.565656565657 0.168421052632
0.565656565657 0.178947368421
0.565656565657 0.189473684211
0.565656565657 0.2
0.585858585859 0.0
0.585858585859 0.0105263157895
0.585858585859 0.0210526315789
0.585858585859 0.0315789473684
0.585858585859 0.0421052631579
0.585858585859 0.0526315789474
0.585858585859 0.0631578947368
0.585858585859 0.0736842105263
0.585858585859 0.0842105263158
0.585858585859 0.0947368421053
0.585858585859 0.105263157895
0.585858585859 0.115789473684
0.585858585859 0.126315789474
0.585858585859 0.136842105263
0.585858585859 0.147368421053
0.585858585859 0.157894736842
0.585858585859 0.168421052632
0.585858585859 0.178947368421
0.585858585859 0.189473684211
0.585858585859 0.2
0.606060606061 0.0
0.606060606061 0.0105263157895
0.606060606061 0.0210526315789
0.606060606061 0.0315789473684
0.606060606061 0.0421052631579
0.606060606061 0.0526315789474
0.606060606061 0.0631578947368
0.606060606061 0.0736842105263
0.606060606061 0.0842105263158
0.606060606061 0.0947368421053
0.606060606061 0.105263157895
0.606060606061 0.115789473684
0.606060606061 0.126315789474
0.606060606061 0.136842105263
0.606060606061 0.147368421053
0.606060606061 0.157894736842
0.606060606061 0.168421052632
0.606060606061 0.178947368421
0.606060606061 0.189473684211
0.606060606061 0.2
0.626262626263 0.0
0.626262626263 0.0105263157895
0.626262626263 0.0210526315789
0.626262626263 0.0315789473684
0.626262626263 0.0421052631579
0.626262626263 0.0526315789474
0.626262626263 0.0631578947368
0.626262626263 0.0736842105263
0.626262626263 0.0842105263158
0.626262626263 0.0947368421053
0.626262626263 0.105263157895
0.626262626263 0.115789473684
0.626262626263 0.126315789474
0.626262626263 0.136842105263
0.626262626263 0.147368421053
0.626262626263 0.157894736842
0.626262626263 0.168421052632
0.626262626263 0.178947368421
0.626262626263 0.189473684211
0.626262626263 0.2
0.646464646465 0.0
0.646464646465 0.0105263157895
0.646464646465 0.0210526315789
0.646464646465 0.0315789473684
0.646464646465 0.0421052631579
0.646464646465 0.0526315789474
0.646464646465 0.0631578947368
0.646464646465 0.0736842105263
0.646464646465 0.0842105263158
0.646464646465 0.0947368421053
0.646464646465 0.105263157895
0.646464646465 0.115789473684
0.646464646465 0.126315789474
0.646464646465 0.136842105263
0.646464646465 0.147368421053
0.646464646465 0.157894736842
0.646464646465 0.168421052632
0.646464646465 0.178947368421
0.646464646465 0.189473684211
0.646464646465 0.2
0.666666666667 0.0
0.666666666667 0.0105263157895
0.666666666667 0.0210526315789
0.666666666667 0.0315789473684
0.666666666667 0.0421052631579
0.666666666667 0.0526315789474
0.666666666667 0.0631578947368
0.666666666667 0.0736842105263
0.666666666667 0.0842105263158
0.666666666667 0.0947368421053
0.666666666667 0.105263157895
0.666666666667 0.115789473684
0.666666666667 0.126315789474
0.666666666667 0.136842105263
0.666666666667 0.147368421053
0.666666666667 0.157894736842
0.666666666667 0.168421052632
0.666666666667 0.178947368421
0.666666666667 0.189473684211
0.666666666667 0.2
0.686868686869 0.0
0.686868686869 0.0105263157895
0.686868686869 0.0210526315789
0.686868686869 0.0315789473684
0.686868686869 0.0421052631579
0.686868686869 0.0526315789474
0.686868686869 0.0631578947368
0.686868686869 0.0736842105263
0.686868686869 0.0842105263158
0.686868686869 0.0947368421053
0.686868686869 0.105263157895
0.686868686869 0.115789473684
0.686868686869 0.126315789474
0.686868686869 0.136842105263
0.686868686869 0.147368421053
0.686868686869 0.157894736842
0.686868686869 0.168421052632
0.686868686869 0.178947368421
0.686868686869 0.189473684211
0.686868686869 0.2
0.707070707071 0.0
0.707070707071 0.0105263157895
0.707070707071 0.0210526315789
0.707070707071 0.0315789473684
0.707070707071 0.0421052631579
0.707070707071 0.0526315789474
0.707070707071 0.0631578947368
0.707070707071 0.0736842105263
0.707070707071 0.0842105263158
0.707070707071 0.0947368421053
0.707070707071 0.105263157895
0.707070707071 0.115789473684
0.707070707071 0.126315789474
0.707070707071 0.136842105263
0.707070707071 0.147368421053
0.707070707071 0.157894736842
0.707070707071 0.168421052632
0.707070707071 0.178947368421
0.707070707071 0.189473684211
0.707070707071 0.2
0.727272727273 0.0
0.727272727273 0.0105263157895
0.727272727273 0.0210526315789
0.727272727273 0.0315789473684
0.727272727273 0.0421052631579
0.727272727273 0.0526315789474
0.727272727273 0.0631578947368
0.727272727273 0.0736842105263
0.727272727273 0.0842105263158
0.727272727273 0.0947368421053
0.727272727273 0.105263157895
0.727272727273 0.115789473684
0.727272727273 0.126315789474
0.727272727273 0.136842105263
0.727272727273 0.147368421053
0.727272727273 0.157894736842
0.727272727273 0.168421052632
0.727272727273 0.178947368421
0.727272727273 0.189473684211
0.727272727273 0.2
0.747474747475 0.0
0.747474747475 0.0105263157895
0.747474747475 0.0210526315789
0.747474747475 0.0315789473684
0.747474747475 0.0421052631579
0.747474747475 0.0526315789474
0.747474747475 0.0631578947368
0.747474747475 0.0736842105263
0.747474747475 0.0842105263158
0.747474747475 0.0947368421053
0.747474747475 0.105263157895
0.747474747475 0.115789473684
0.747474747475 0.126315789474
0.747474747475 0.136842105263
0.747474747475 0.147368421053
0.747474747475 0.157894736842
0.747474747475 0.168421052632
0.747474747475 0.178947368421
0.747474747475 0.189473684211
0.747474747475 0.2
0.767676767677 0.0
0.767676767677 0.0105263157895
0.767676767677 0.0210526315789
0.767676767677 0.0315789473684
0.767676767677 0.0421052631579
0.767676767677 0.0526315789474
0.767676767677 0.0631578947368
0.767676767677 0.0736842105263
0.767676767677 0.0842105263158
0.767676767677 0.0947368421053
0.767676767677 0.105263157895
0.767676767677 0.115789473684
0.767676767677 0.126315789474
0.767676767677 0.136842105263
0.767676767677 0.147368421053
0.767676767677 0.157894736842
0.767676767677 0.168421052632
0.767676767677 0.178947368421
0.767676767677 0.189473684211
0.767676767677 0.2
0.787878787879 0.0
0.787878787879 0.0105263157895
0.787878787879 0.0210526315789
0.787878787879 0.0315789473684
0.787878787879 0.0421052631579
0.787878787879 0.0526315789474
0.787878787879 0.0631578947368
0.787878787879 0.0736842105263
0.787878787879 0.0842105263158
0.787878787879 0.0947368421053
0.787878787879 0.105263157895
0.787878787879 0.115789473684
0.787878787879 0.126315789474
0.787878787879 0.136842105263
0.787878787879 0.147368421053
0.787878787879 0.157894736842
0.787878787879 0.168421052632
0.787878787879 0.178947368421
0.787878787879 0.189473684211
0.787878787879 0.2
0.808080808081 0.0
0.808080808081 0.0105263157895
0.808080808081 0.0210526315789
0.808080808081 0.0315789473684
0.808080808081 0.0421052631579
0.808080808081 0.0526315789474
0.808080808081 0.0631578947368
0.808080808081 0.0736842105263
0.808080808081 0.0842105263158
0.808080808081 0.0947368421053
0.808080808081 0.105263157895
0.808080808081 0.115789473684
0.808080808081 0.126315789474
0.808080808081 0.136842105263
0.808080808081 0.147368421053
0.808080808081 0.157894736842
0.808080808081 0.168421052632
0.808080808081 0.178947368421
0.808080808081 0.189473684211
0.808080808081 0.2
0.828282828283 0.0
0.828282828283 0.0105263157895
0.828282828283 0.0210526315789
0.828282828283 0.0315789473684
0.828282828283 0.0421052631579
0.828282828283 0.0526315789474
0.828282828283 0.0631578947368
0.828282828283 0.0736842105263
0.828282828283 0.0842105263158
0.828282828283 0.0947368421053
0.828282828283 0.105263157895
0.828282828283 0.115789473684
0.828282828283 0.126315789474
0.828282828283 0.136842105263
0.828282828283 0.147368421053
0.828282828283 0.157894736842
0.828282828283 0.168421052632
0.828282828283 0.178947368421
0.828282828283 0.189473684211
0.828282828283 0.2
0.848484848485 0.0
0.848484848485 0.0105263157895
0.848484848485 0.0210526315789
0.848484848485 0.0315789473684
0.848484848485 0.0421052631579
0.848484848485 0.0526315789474
0.848484848485 0.0631578947368
0.848484848485 0.0736842105263
0.848484848485 0.0842105263158
0.848484848485 0.0947368421053
0.848484848485 0.105263157895
0.848484848485 0.115789473684
0.848484848485 0.126315789474
0.848484848485 0.136842105263
0.848484848485 0.147368421053
0.848484848485 0.157894736842
0.848484848485 0.168421052632
0.848484848485 0.178947368421
0.848484848485 0.189473684211
0.848484848485 0.2
0.868686868687 0.0
0.868686868687 0.0105263157895
0.868686868687 0.0210526315789
0.868686868687 0.0315789473684
0.868686868687 0.0421052631579
0.868686868687 0.0526315789474
0.868686868687 0.0631578947368
0.868686868687 0.0736842105263
0.868686868687 0.0842105263158
0.868686868687 0.0947368421053
0.868686868687 0.105263157895
0.868686868687 0.115789473684
0.868686868687 0.126315789474
0.868686868687 0.136842105263
0.868686868687 0.147368421053
0.868686868687 0.157894736842
0.868686868687 0.168421052632
0.868686868687 0.178947368421
0.868686868687 0.189473684211
0.868686868687 0.2
0.888888888889 0.0
0.888888888889 0.0105263157895
0.888888888889 0.0210526315789
0.888888888889 0.0315789473684
0.888888888889 0.0421052631579
0.888888888889 0.0526315789474
0.888888888889 0.0631578947368
0.888888888889 0.0736842105263
0.888888888889 0.0842105263158
0.888888888889 0.0947368421053
0.888888888889 0.105263157895
0.888888888889 0.115789473684
0.888888888889 0.126315789474
0.888888888889 0.136842105263
0.888888888889 0.147368421053
0.888888888889 0.157894736842
0.888888888889 0.168421052632
0.888888888889 0.178947368421
0.888888888889 0.189473684211
0.888888888889 0.2
0.909090909091 0.0
0.909090909091 0.0105263157895
0.909090909091 0.0210526315789
0.909090909091 0.0315789473684
0.909090909091 0.0421052631579
0.909090909091 0.0526315789474
0.909090909091 0.0631578947368
0.909090909091 0.0736842105263
0.909090909091 0.0842105263158
0.909090909091 0.0947368421053
0.909090909091 0.105263157895
0.909090909091 0.115789473684
0.909090909091 0.126315789474
0.909090909091 0.136842105263
0.909090909091 0.147368421053
0.909090909091 0.157894736842
0.909090909091 0.168421052632
0.909090909091 0.178947368421
0.909090909091 0.189473684211
0.909090909091 0.2
0.929292929293 0.0
0.929292929293 0.0105263157895
0.929292929293 0.0210526315789
0.929292929293 0.0315789473684
0.929292929293 0.0421052631579
0.929292929293 0.0526315789474
0.929292929293 0.0631578947368
0.929292929293 0.0736842105263
0.929292929293 0.0842105263158
0.929292929293 0.0947368421053
0.929292929293 0.105263157895
0.929292929293 0.115789473684
0.929292929293 0.126315789474
0.929292929293 0.136842105263
0.929292929293 0.147368421053
0.929292929293 0.157894736842
0.929292929293 0.168421052632
0.929292929293 0.178947368421
0.929292929293 0.189473684211
0.929292929293 0.2
0.949494949495 0.0
0.949494949495 0.0105263157895
0.949494949495 0.0210526315789
0.949494949495 0.0315789473684
0.949494949495 0.0421052631579
0.949494949495 0.0526315789474
0.949494949495 0.0631578947368
0.949494949495 0.0736842105263
0.949494949495 0.0842105263158
0.949494949495 0.0947368421053
0.949494949495 0.105263157895
0.949494949495 0.115789473684
0.949494949495 0.126315789474
0.949494949495 0.136842105263
0.949494949495 0.147368421053
0.949494949495 0.157894736842
0.949494949495 0.168421052632
0.949494949495 0.178947368421
0.949494949495 0.189473684211
0.949494949495 0.2
0.969696969697 0.0
0.969696969697 0.0105263157895
0.969696969697 0.0210526315789
0.969696969697 0.0315789473684
0.969696969697 0.0421052631579
0.969696969697 0.0526315789474
0.969696969697 0.0631578947368
0.969696969697 0.0736842105263
0.969696969697 0.0842105263158
0.969696969697 0.0947368421053
0.969696969697 0.105263157895
0.969696969697 0.115789473684
0.969696969697 0.126315789474
0.969696969697 0.136842105263
0.969696969697 0.147368421053
0.969696969697 0.157894736842
0.969696969697 0.168421052632
0.969696969697 0.178947368421
0.969696969697 0.189473684211
0.969696969697 0.2
0.989898989899 0.0
0.989898989899 0.0105263157895
0.989898989899 0.0210526315789
0.989898989899 0.0315789473684
0.989898989899 0.0421052631579
0.989898989899 0.0526315789474
0.989898989899 0.0631578947368
0.989898989899 0.0736842105263
0.989898989899 0.0842105263158
0.989898989899 0.0947368421053
0.989898989899 0.105263157895
0.989898989899 0.115789473684
0.989898989899 0.126315789474
0.989898989899 0.136842105263
0.989898989899 0.147368421053
0.989898989899 0.157894736842
0.989898989899 0.168421052632
0.989898989899 0.178947368421
0.989898989899 0.189473684211
0.989898989899 0.2
1.0101010101 0.0
1.0101010101 0.0105263157895
1.0101010101 0.0210526315789
1.0101010101 0.0315789473684
1.0101010101 0.0421052631579
1.0101010101 0.0526315789474
1.0101010101 0.0631578947368
1.0101010101 0.0736842105263
1.0101010101 0.0842105263158
1.0101010101 0.0947368421053
1.0101010101 0.105263157895
1.0101010101 0.115789473684
1.0101010101 0.126315789474
1.0101010101 0.136842105263
1.0101010101 0.147368421053
1.0101010101 0.157894736842
1.0101010101 0.168421052632
1.0101010101 0.178947368421
1.0101010101 0.189473684211
1.0101010101 0.2
1.0303030303 0.0
1.0303030303 0.0105263157895
1.0303030303 0.0210526315789
1.0303030303 0.0315789473684
1.0303030303 0.0421052631579
1.0303030303 0.0526315789474
1.0303030303 0.0631578947368
1.0303030303 0.0736842105263
1.0303030303 0.0842105263158
1.0303030303 0.0947368421053
1.0303030303 0.105263157895
1.0303030303 0.115789473684
1.0303030303 0.126315789474
1.0303030303 0.136842105263
1.0303030303 0.147368421053
1.0303030303 0.157894736842
1.0303030303 0.168421052632
1.0303030303 0.178947368421
1.0303030303 0.189473684211
1.0303030303 0.2
1.05050505051 0.0
1.05050505051 0.0105263157895
1.05050505051 0.0210526315789
1.05050505051 0.0315789473684
1.05050505051 0.0421052631579
1.05050505051 0.0526315789474
1.05050505051 0.0631578947368
1.05050505051 0.0736842105263
1.05050505051 0.0842105263158
1.05050505051 0.0947368421053
1.05050505051 0.105263157895
1.05050505051 0.115789473684
1.05050505051 0.126315789474
1.05050505051 0.136842105263
1.05050505051 0.147368421053
1.05050505051 0.157894736842
1.05050505051 0.168421052632
1.05050505051 0.178947368421
1.05050505051 0.189473684211
1.05050505051 0.2
1.07070707071 0.0
1.07070707071 0.0105263157895
1.07070707071 0.0210526315789
1.07070707071 0.0315789473684
1.07070707071 0.0421052631579
1.07070707071 0.0526315789474
1.07070707071 0.0631578947368
1.07070707071 0.0736842105263
1.07070707071 0.0842105263158
1.07070707071 0.0947368421053
1.07070707071 0.105263157895
1.07070707071 0.115789473684
1.07070707071 0.126315789474
1.07070707071 0.136842105263
1.07070707071 0.147368421053
1.07070707071 0.157894736842
1.07070707071 0.168421052632
1.07070707071 0.178947368421
1.07070707071 0.189473684211
1.07070707071 0.2
1.09090909091 0.0
1.09090909091 0.0105263157895
1.09090909091 0.0210526315789
1.09090909091 0.0315789473684
1.09090909091 0.0421052631579
1.09090909091 0.0526315789474
1.09090909091 0.0631578947368
1.09090909091 0.0736842105263
1.09090909091 0.0842105263158
1.09090909091 0.0947368421053
1.09090909091 0.105263157895
1.09090909091 0.115789473684
1.09090909091 0.126315789474
1.09090909091 0.136842105263
1.09090909091 0.147368421053
1.09090909091 0.157894736842
1.09090909091 0.168421052632
1.09090909091 0.178947368421
1.09090909091 0.189473684211
1.09090909091 0.2
1.11111111111 0.0
1.11111111111 0.0105263157895
1.11111111111 0.0210526315789
1.11111111111 0.0315789473684
1.11111111111 0.0421052631579
1.11111111111 0.0526315789474
1.11111111111 0.0631578947368
1.11111111111 0.0736842105263
1.11111111111 0.0842105263158
1.11111111111 0.0947368421053
1.11111111111 0.105263157895
1.11111111111 0.115789473684
1.11111111111 0.126315789474
1.11111111111 0.136842105263
1.11111111111 0.147368421053
1.11111111111 0.157894736842
1.11111111111 0.168421052632
1.11111111111 0.178947368421
1.11111111111 0.189473684211
1.11111111111 0.2
1.13131313131 0.0
1.13131313131 0.0105263157895
1.13131313131 0.0210526315789
1.13131313131 0.0315789473684
1.13131313131 0.0421052631579
1.13131313131 0.0526315789474
1.13131313131 0.0631578947368
1.13131313131 0.0736842105263
1.13131313131 0.0842105263158
1.13131313131 0.0947368421053
1.13131313131 0.105263157895
1.13131313131 0.115789473684
1.13131313131 0.126315789474
1.13131313131 0.136842105263
1.13131313131 0.147368421053
1.13131313131 0.157894736842
1.13131313131 0.168421052632
1.13131313131 0.178947368421
1.13131313131 0.189473684211
1.13131313131 0.2
1.15151515152 0.0
1.15151515152 0.0105263157895
1.15151515152 0.0210526315789
1.15151515152 0.0315789473684
1.15151515152 0.0421052631579
1.15151515152 0.0526315789474
1.15151515152 0.0631578947368
1.15151515152 0.0736842105263
1.15151515152 0.0842105263158
1.15151515152 0.0947368421053
1.15151515152 0.105263157895
1.15151515152 0.115789473684
1.15151515152 0.126315789474
1.15151515152 0.136842105263
1.15151515152 0.147368421053
1.15151515152 0.157894736842
1.15151515152 0.168421052632
1.15151515152 0.178947368421
1.15151515152 0.189473684211
1.15151515152 0.2
1.17171717172 0.0
1.17171717172 0.0105263157895
1.17171717172 0.0210526315789
1.17171717172 0.0315789473684
1.17171717172 0.0421052631579
1.17171717172 0.0526315789474
1.17171717172 0.0631578947368
1.17171717172 0.0736842105263
1.17171717172 0.0842105263158
1.17171717172 0.0947368421053
1.17171717172 0.105263157895
1.17171717172 0.115789473684
1.17171717172 0.126315789474
1.17171717172 0.136842105263
1.17171717172 0.147368421053
1.17171717172 0.157894736842
1.17171717172 0.168421052632
1.17171717172 0.178947368421
1.17171717172 0.189473684211
1.17171717172 0.2
1.19191919192 0.0
1.19191919192 0.0105263157895
1.19191919192 0.0210526315789
1.19191919192 0.0315789473684
1.19191919192 0.0421052631579
1.19191919192 0.0526315789474
1.19191919192 0.0631578947368
1.19191919192 0.0736842105263
1.19191919192 0.0842105263158
1.19191919192 0.0947368421053
1.19191919192 0.105263157895
1.19191919192 0.115789473684
1.19191919192 0.126315789474
1.19191919192 0.136842105263
1.19191919192 0.147368421053
1.19191919192 0.157894736842
1.19191919192 0.168421052632
1.19191919192 0.178947368421
1.19191919192 0.189473684211
1.19191919192 0.2
1.21212121212 0.0
1.21212121212 0.0105263157895
1.21212121212 0.0210526315789
1.21212121212 0.0315789473684
1.21212121212 0.0421052631579
1.21212121212 0.0526315789474
1.21212121212 0.0631578947368
1.21212121212 0.0736842105263
1.21212121212 0.0842105263158
1.21212121212 0.0947368421053
1.21212121212 0.105263157895
1.21212121212 0.115789473684
1.21212121212 0.126315789474
1.21212121212 0.136842105263
1.21212121212 0.147368421053
1.21212121212 0.157894736842
1.21212121212 0.168421052632
1.21212121212 0.178947368421
1.21212121212 0.189473684211
1.21212121212 0.2
1.23232323232 0.0
1.23232323232 0.0105263157895
1.23232323232 0.0210526315789
1.23232323232 0.0315789473684
1.23232323232 0.0421052631579
1.23232323232 0.0526315789474
1.23232323232 0.0631578947368
1.23232323232 0.0736842105263
1.23232323232 0.0842105263158
1.23232323232 0.0947368421053
1.23232323232 0.105263157895
1.23232323232 0.115789473684
1.23232323232 0.126315789474
1.23232323232 0.136842105263
1.23232323232 0.147368421053
1.23232323232 0.157894736842
1.23232323232 0.168421052632
1.23232323232 0.178947368421
1.23232323232 0.189473684211
1.23232323232 0.2
1.25252525253 0.0
1.25252525253 0.0105263157895
1.25252525253 0.0210526315789
1.25252525253 0.0315789473684
1.25252525253 0.0421052631579
1.25252525253 0.0526315789474
1.25252525253 0.0631578947368
1.25252525253 0.0736842105263
1.25252525253 0.0842105263158
1.25252525253 0.0947368421053
1.25252525253 0.105263157895
1.25252525253 0.115789473684
1.25252525253 0.126315789474
1.25252525253 0.136842105263
1.25252525253 0.147368421053
1.25252525253 0.157894736842
1.25252525253 0.168421052632
1.25252525253 0.178947368421
1.25252525253 0.189473684211
1.25252525253 0.2
1.27272727273 0.0
1.27272727273 0.0105263157895
1.27272727273 0.0210526315789
1.27272727273 0.0315789473684
1.27272727273 0.0421052631579
1.27272727273 0.0526315789474
1.27272727273 0.0631578947368
1.27272727273 0.0736842105263
1.27272727273 0.0842105263158
1.27272727273 0.0947368421053
1.27272727273 0.105263157895
1.27272727273 0.115789473684
1.27272727273 0.126315789474
1.27272727273 0.136842105263
1.27272727273 0.147368421053
1.27272727273 0.157894736842
1.27272727273 0.168421052632
1.27272727273 0.178947368421
1.27272727273 0.189473684211
1.27272727273 0.2
1.29292929293 0.0
1.29292929293 0.0105263157895
1.29292929293 0.0210526315789
1.29292929293 0.0315789473684
1.29292929293 0.0421052631579
1.29292929293 0.0526315789474
1.29292929293 0.0631578947368
1.29292929293 0.0736842105263
1.29292929293 0.0842105263158
1.29292929293 0.0947368421053
1.29292929293 0.105263157895
1.29292929293 0.115789473684
1.29292929293 0.126315789474
1.29292929293 0.136842105263
1.29292929293 0.147368421053
1.29292929293 0.157894736842
1.29292929293 0.168421052632
1.29292929293 0.178947368421
1.29292929293 0.189473684211
1.29292929293 0.2
1.31313131313 0.0
1.31313131313 0.0105263157895
1.31313131313 0.0210526315789
1.31313131313 0.0315789473684
1.31313131313 0.0421052631579
1.31313131313 0.0526315789474
1.31313131313 0.0631578947368
1.31313131313 0.0736842105263
1.31313131313 0.0842105263158
1.31313131313 0.0947368421053
1.31313131313 0.105263157895
1.31313131313 0.115789473684
1.31313131313 0.126315789474
1.31313131313 0.136842105263
1.31313131313 0.147368421053
1.31313131313 0.157894736842
1.31313131313 0.168421052632
1.31313131313 0.178947368421
1.31313131313 0.189473684211
1.31313131313 0.2
1.33333333333 0.0
1.33333333333 0.0105263157895
1.33333333333 0.0210526315789
1.33333333333 0.0315789473684
1.33333333333 0.0421052631579
1.33333333333 0.0526315789474
1.33333333333 0.0631578947368
1.33333333333 0.0736842105263
1.33333333333 0.0842105263158
1.33333333333 0.0947368421053
1.33333333333 0.105263157895
1.33333333333 0.115789473684
1.33333333333 0.126315789474
1.33333333333 0.136842105263
1.33333333333 0.147368421053
1.33333333333 0.157894736842
1.33333333333 0.168421052632
1.33333333333 0.178947368421
1.33333333333 0.189473684211
1.33333333333 0.2
1.35353535354 0.0
1.35353535354 0.0105263157895
1.35353535354 0.0210526315789
1.35353535354 0.0315789473684
1.35353535354 0.0421052631579
1.35353535354 0.0526315789474
1.35353535354 0.0631578947368
1.35353535354 0.0736842105263
1.35353535354 0.0842105263158
1.35353535354 0.0947368421053
1.35353535354 0.105263157895
1.35353535354 0.115789473684
1.35353535354 0.126315789474
1.35353535354 0.136842105263
1.35353535354 0.147368421053
1.35353535354 0.157894736842
1.35353535354 0.168421052632
1.35353535354 0.178947368421
1.35353535354 0.189473684211
1.35353535354 0.2
1.37373737374 0.0
1.37373737374 0.0105263157895
1.37373737374 0.0210526315789
1.37373737374 0.0315789473684
1.37373737374 0.0421052631579
1.37373737374 0.0526315789474
1.37373737374 0.0631578947368
1.37373737374 0.0736842105263
1.37373737374 0.0842105263158
1.37373737374 0.0947368421053
1.37373737374 0.105263157895
1.37373737374 0.115789473684
1.37373737374 0.126315789474
1.37373737374 0.136842105263
1.37373737374 0.147368421053
1.37373737374 0.157894736842
1.37373737374 0.168421052632
1.37373737374 0.178947368421
1.37373737374 0.189473684211
1.37373737374 0.2
1.39393939394 0.0
1.39393939394 0.0105263157895
1.39393939394 0.0210526315789
1.39393939394 0.0315789473684
1.39393939394 0.0421052631579
1.39393939394 0.0526315789474
1.39393939394 0.0631578947368
1.39393939394 0.0736842105263
1.39393939394 0.0842105263158
1.39393939394 0.0947368421053
1.39393939394 0.105263157895
1.39393939394 0.115789473684
1.39393939394 0.126315789474
1.39393939394 0.136842105263
1.39393939394 0.147368421053
1.39393939394 0.157894736842
1.39393939394 0.168421052632
1.39393939394 0.178947368421
1.39393939394 0.189473684211
1.39393939394 0.2
1.41414141414 0.0
1.41414141414 0.0105263157895
1.41414141414 0.0210526315789
1.41414141414 0.0315789473684
1.41414141414 0.0421052631579
1.41414141414 0.0526315789474
1.41414141414 0.0631578947368
1.41414141414 0.0736842105263
1.41414141414 0.0842105263158
1.41414141414 0.0947368421053
1.41414141414 0.105263157895
1.41414141414 0.115789473684
1.41414141414 0.126315789474
1.41414141414 0.136842105263
1.41414141414 0.147368421053
1.41414141414 0.157894736842
1.41414141414 0.168421052632
1.41414141414 0.178947368421
1.41414141414 0.189473684211
1.41414141414 0.2
1.43434343434 0.0
1.43434343434 0.0105263157895
1.43434343434 0.0210526315789
1.43434343434 0.0315789473684
1.43434343434 0.0421052631579
1.43434343434 0.0526315789474
1.43434343434 0.0631578947368
1.43434343434 0.0736842105263
1.43434343434 0.0842105263158
1.43434343434 0.0947368421053
1.43434343434 0.105263157895
1.43434343434 0.115789473684
1.43434343434 0.126315789474
1.43434343434 0.136842105263
1.43434343434 0.147368421053
1.43434343434 0.157894736842
1.43434343434 0.168421052632
1.43434343434 0.178947368421
1.43434343434 0.189473684211
1.43434343434 0.2
1.45454545455 0.0
1.45454545455 0.0105263157895
1.45454545455 0.0210526315789
1.45454545455 0.0315789473684
1.45454545455 0.0421052631579
1.45454545455 0.0526315789474
1.45454545455 0.0631578947368
1.45454545455 0.0736842105263
1.45454545455 0.0842105263158
1.45454545455 0.0947368421053
1.45454545455 0.105263157895
1.45454545455 0.115789473684
1.45454545455 0.126315789474
1.45454545455 0.136842105263
1.45454545455 0.147368421053
1.45454545455 0.157894736842
1.45454545455 0.168421052632
1.45454545455 0.178947368421
1.45454545455 0.189473684211
1.45454545455 0.2
1.47474747475 0.0
1.47474747475 0.0105263157895
1.47474747475 0.0210526315789
1.47474747475 0.0315789473684
1.47474747475 0.0421052631579
1.47474747475 0.0526315789474
1.47474747475 0.0631578947368
1.47474747475 0.0736842105263
1.47474747475 0.0842105263158
1.47474747475 0.0947368421053
1.47474747475 0.105263157895
1.47474747475 0.115789473684
1.47474747475 0.126315789474
1.47474747475 0.136842105263
1.47474747475 0.147368421053
1.47474747475 0.157894736842
1.47474747475 0.168421052632
1.47474747475 0.178947368421
1.47474747475 0.189473684211
1.47474747475 0.2
1.49494949495 0.0
1.49494949495 0.0105263157895
1.49494949495 0.0210526315789
1.49494949495 0.0315789473684
1.49494949495 0.0421052631579
1.49494949495 0.0526315789474
1.49494949495 0.0631578947368
1.49494949495 0.0736842105263
1.49494949495 0.0842105263158
1.49494949495 0.0947368421053
1.49494949495 0.105263157895
1.49494949495 0.115789473684
1.49494949495 0.126315789474
1.49494949495 0.136842105263
1.49494949495 0.147368421053
1.49494949495 0.157894736842
1.49494949495 0.168421052632
1.49494949495 0.178947368421
1.49494949495 0.189473684211
1.49494949495 0.2
1.51515151515 0.0
1.51515151515 0.0105263157895
1.51515151515 0.0210526315789
1.51515151515 0.0315789473684
1.51515151515 0.0421052631579
1.51515151515 0.0526315789474
1.51515151515 0.0631578947368
1.51515151515 0.0736842105263
1.51515151515 0.0842105263158
1.51515151515 0.0947368421053
1.51515151515 0.105263157895
1.51515151515 0.115789473684
1.51515151515 0.126315789474
1.51515151515 0.136842105263
1.51515151515 0.147368421053
1.51515151515 0.157894736842
1.51515151515 0.168421052632
1.51515151515 0.178947368421
1.51515151515 0.189473684211
1.51515151515 0.2
1.53535353535 0.0
1.53535353535 0.0105263157895
1.53535353535 0.0210526315789
1.53535353535 0.0315789473684
1.53535353535 0.0421052631579
1.53535353535 0.0526315789474
1.53535353535 0.0631578947368
1.53535353535 0.0736842105263
1.53535353535 0.0842105263158
1.53535353535 0.0947368421053
1.53535353535 0.105263157895
1.53535353535 0.115789473684
1.53535353535 0.126315789474
1.53535353535 0.136842105263
1.53535353535 0.147368421053
1.53535353535 0.157894736842
1.53535353535 0.168421052632
1.53535353535 0.178947368421
1.53535353535 0.189473684211
1.53535353535 0.2
1.55555555556 0.0
1.55555555556 0.0105263157895
1.55555555556 0.0210526315789
1.55555555556 0.0315789473684
1.55555555556 0.0421052631579
1.55555555556 0.0526315789474
1.55555555556 0.0631578947368
1.55555555556 0.0736842105263
1.55555555556 0.0842105263158
1.55555555556 0.0947368421053
1.55555555556 0.105263157895
1.55555555556 0.115789473684
1.55555555556 0.126315789474
1.55555555556 0.136842105263
1.55555555556 0.147368421053
1.55555555556 0.157894736842
1.55555555556 0.168421052632
1.55555555556 0.178947368421
1.55555555556 0.189473684211
1.55555555556 0.2
1.57575757576 0.0
1.57575757576 0.0105263157895
1.57575757576 0.0210526315789
1.57575757576 0.0315789473684
1.57575757576 0.0421052631579
1.57575757576 0.0526315789474
1.57575757576 0.0631578947368
1.57575757576 0.0736842105263
1.57575757576 0.0842105263158
1.57575757576 0.0947368421053
1.57575757576 0.105263157895
1.57575757576 0.115789473684
1.57575757576 0.126315789474
1.57575757576 0.136842105263
1.57575757576 0.147368421053
1.57575757576 0.157894736842
1.57575757576 0.168421052632
1.57575757576 0.178947368421
1.57575757576 0.189473684211
1.57575757576 0.2
1.59595959596 0.0
1.59595959596 0.0105263157895
1.59595959596 0.0210526315789
1.59595959596 0.0315789473684
1.59595959596 0.0421052631579
1.59595959596 0.0526315789474
1.59595959596 0.0631578947368
1.59595959596 0.0736842105263
1.59595959596 0.0842105263158
1.59595959596 0.0947368421053
1.59595959596 0.105263157895
1.59595959596 0.115789473684
1.59595959596 0.126315789474
1.59595959596 0.136842105263
1.59595959596 0.147368421053
1.59595959596 0.157894736842
1.59595959596 0.168421052632
1.59595959596 0.178947368421
1.59595959596 0.189473684211
1.59595959596 0.2
1.61616161616 0.0
1.61616161616 0.0105263157895
1.61616161616 0.0210526315789
1.61616161616 0.0315789473684
1.61616161616 0.0421052631579
1.61616161616 0.0526315789474
1.61616161616 0.0631578947368
1.61616161616 0.0736842105263
1.61616161616 0.0842105263158
1.61616161616 0.0947368421053
1.61616161616 0.105263157895
1.61616161616 0.115789473684
1.61616161616 0.126315789474
1.61616161616 0.136842105263
1.61616161616 0.147368421053
1.61616161616 0.157894736842
1.61616161616 0.168421052632
1.61616161616 0.178947368421
1.61616161616 0.189473684211
1.61616161616 0.2
1.63636363636 0.0
1.63636363636 0.0105263157895
1.63636363636 0.0210526315789
1.63636363636 0.0315789473684
1.63636363636 0.0421052631579
1.63636363636 0.0526315789474
1.63636363636 0.0631578947368
1.63636363636 0.0736842105263
1.63636363636 0.0842105263158
1.63636363636 0.0947368421053
1.63636363636 0.105263157895
1.63636363636 0.115789473684
1.63636363636 0.126315789474
1.63636363636 0.136842105263
1.63636363636 0.147368421053
1.63636363636 0.157894736842
1.63636363636 0.168421052632
1.63636363636 0.178947368421
1.63636363636 0.189473684211
1.63636363636 0.2
1.65656565657 0.0
1.65656565657 0.0105263157895
1.65656565657 0.0210526315789
1.65656565657 0.0315789473684
1.65656565657 0.0421052631579
1.65656565657 0.0526315789474
1.65656565657 0.0631578947368
1.65656565657 0.0736842105263
1.65656565657 0.0842105263158
1.65656565657 0.0947368421053
1.65656565657 0.105263157895
1.65656565657 0.115789473684
1.65656565657 0.126315789474
1.65656565657 0.136842105263
1.65656565657 0.147368421053
1.65656565657 0.157894736842
1.65656565657 0.168421052632
1.65656565657 0.178947368421
1.65656565657 0.189473684211
1.65656565657 0.2
1.67676767677 0.0
1.67676767677 0.0105263157895
1.67676767677 0.0210526315789
1.67676767677 0.0315789473684
1.67676767677 0.0421052631579
1.67676767677 0.0526315789474
1.67676767677 0.0631578947368
1.67676767677 0.0736842105263
1.67676767677 0.0842105263158
1.67676767677 0.0947368421053
1.67676767677 0.105263157895
1.67676767677 0.115789473684
1.67676767677 0.126315789474
1.67676767677 0.136842105263
1.67676767677 0.147368421053
1.67676767677 0.157894736842
1.67676767677 0.168421052632
1.67676767677 0.178947368421
1.67676767677 0.189473684211
1.67676767677 0.2
1.69696969697 0.0
1.69696969697 0.0105263157895
1.69696969697 0.0210526315789
1.69696969697 0.0315789473684
1.69696969697 0.0421052631579
1.69696969697 0.0526315789474
1.69696969697 0.0631578947368
1.69696969697 0.0736842105263
1.69696969697 0.0842105263158
1.69696969697 0.0947368421053
1.69696969697 0.105263157895
1.69696969697 0.115789473684
1.69696969697 0.126315789474
1.69696969697 0.136842105263
1.69696969697 0.147368421053
1.69696969697 0.157894736842
1.69696969697 0.168421052632
1.69696969697 0.178947368421
1.69696969697 0.189473684211
1.69696969697 0.2
1.71717171717 0.0
1.71717171717 0.0105263157895
1.71717171717 0.0210526315789
1.71717171717 0.0315789473684
1.71717171717 0.0421052631579
1.71717171717 0.0526315789474
1.71717171717 0.0631578947368
1.71717171717 0.0736842105263
1.71717171717 0.0842105263158
1.71717171717 0.0947368421053
1.71717171717 0.105263157895
1.71717171717 0.115789473684
1.71717171717 0.126315789474
1.71717171717 0.136842105263
1.71717171717 0.147368421053
1.71717171717 0.157894736842
1.71717171717 0.168421052632
1.71717171717 0.178947368421
1.71717171717 0.189473684211
1.71717171717 0.2
1.73737373737 0.0
1.73737373737 0.0105263157895
1.73737373737 0.0210526315789
1.73737373737 0.0315789473684
1.73737373737 0.0421052631579
1.73737373737 0.0526315789474
1.73737373737 0.0631578947368
1.73737373737 0.0736842105263
1.73737373737 0.0842105263158
1.73737373737 0.0947368421053
1.73737373737 0.105263157895
1.73737373737 0.115789473684
1.73737373737 0.126315789474
1.73737373737 0.136842105263
1.73737373737 0.147368421053
1.73737373737 0.157894736842
1.73737373737 0.168421052632
1.73737373737 0.178947368421
1.73737373737 0.189473684211
1.73737373737 0.2
1.75757575758 0.0
1.75757575758 0.0105263157895
1.75757575758 0.0210526315789
1.75757575758 0.0315789473684
1.75757575758 0.0421052631579
1.75757575758 0.0526315789474
1.75757575758 0.0631578947368
1.75757575758 0.0736842105263
1.75757575758 0.0842105263158
1.75757575758 0.0947368421053
1.75757575758 0.105263157895
1.75757575758 0.115789473684
1.75757575758 0.126315789474
1.75757575758 0.136842105263
1.75757575758 0.147368421053
1.75757575758 0.157894736842
1.75757575758 0.168421052632
1.75757575758 0.178947368421
1.75757575758 0.189473684211
1.75757575758 0.2
1.77777777778 0.0
1.77777777778 0.0105263157895
1.77777777778 0.0210526315789
1.77777777778 0.0315789473684
1.77777777778 0.0421052631579
1.77777777778 0.0526315789474
1.77777777778 0.0631578947368
1.77777777778 0.0736842105263
1.77777777778 0.0842105263158
1.77777777778 0.0947368421053
1.77777777778 0.105263157895
1.77777777778 0.115789473684
1.77777777778 0.126315789474
1.77777777778 0.136842105263
1.77777777778 0.147368421053
1.77777777778 0.157894736842
1.77777777778 0.168421052632
1.77777777778 0.178947368421
1.77777777778 0.189473684211
1.77777777778 0.2
1.79797979798 0.0
1.79797979798 0.0105263157895
1.79797979798 0.0210526315789
1.79797979798 0.0315789473684
1.79797979798 0.0421052631579
1.79797979798 0.0526315789474
1.79797979798 0.0631578947368
1.79797979798 0.0736842105263
1.79797979798 0.0842105263158
1.79797979798 0.0947368421053
1.79797979798 0.105263157895
1.79797979798 0.115789473684
1.79797979798 0.126315789474
1.79797979798 0.136842105263
1.79797979798 0.147368421053
1.79797979798 0.157894736842
1.79797979798 0.168421052632
1.79797979798 0.178947368421
1.79797979798 0.189473684211
1.79797979798 0.2
1.81818181818 0.0
1.81818181818 0.0105263157895
1.81818181818 0.0210526315789
1.81818181818 0.0315789473684
1.81818181818 0.0421052631579
1.81818181818 0.0526315789474
1.81818181818 0.0631578947368
1.81818181818 0.0736842105263
1.81818181818 0.0842105263158
1.81818181818 0.0947368421053
1.81818181818 0.105263157895
1.81818181818 0.115789473684
1.81818181818 0.126315789474
1.81818181818 0.136842105263
1.81818181818 0.147368421053
1.81818181818 0.157894736842
1.81818181818 0.168421052632
1.81818181818 0.178947368421
1.81818181818 0.189473684211
1.81818181818 0.2
1.83838383838 0.0
1.83838383838 0.0105263157895
1.83838383838 0.0210526315789
1.83838383838 0.0315789473684
1.83838383838 0.0421052631579
1.83838383838 0.0526315789474
1.83838383838 0.0631578947368
1.83838383838 0.0736842105263
1.83838383838 0.0842105263158
1.83838383838 0.0947368421053
1.83838383838 0.105263157895
1.83838383838 0.115789473684
1.83838383838 0.126315789474
1.83838383838 0.136842105263
1.83838383838 0.147368421053
1.83838383838 0.157894736842
1.83838383838 0.168421052632
1.83838383838 0.178947368421
1.83838383838 0.189473684211
1.83838383838 0.2
1.85858585859 0.0
1.85858585859 0.0105263157895
1.85858585859 0.0210526315789
1.85858585859 0.0315789473684
1.85858585859 0.0421052631579
1.85858585859 0.0526315789474
1.85858585859 0.0631578947368
1.85858585859 0.0736842105263
1.85858585859 0.0842105263158
1.85858585859 0.0947368421053
1.85858585859 0.105263157895
1.85858585859 0.115789473684
1.85858585859 0.126315789474
1.85858585859 0.136842105263
1.85858585859 0.147368421053
1.85858585859 0.157894736842
1.85858585859 0.168421052632
1.85858585859 0.178947368421
1.85858585859 0.189473684211
1.85858585859 0.2
1.87878787879 0.0
1.87878787879 0.0105263157895
1.87878787879 0.0210526315789
1.87878787879 0.0315789473684
1.87878787879 0.0421052631579
1.87878787879 0.0526315789474
1.87878787879 0.0631578947368
1.87878787879 0.0736842105263
1.87878787879 0.0842105263158
1.87878787879 0.0947368421053
1.87878787879 0.105263157895
1.87878787879 0.115789473684
1.87878787879 0.126315789474
1.87878787879 0.136842105263
1.87878787879 0.147368421053
1.87878787879 0.157894736842
1.87878787879 0.168421052632
1.87878787879 0.178947368421
1.87878787879 0.189473684211
1.87878787879 0.2
1.89898989899 0.0
1.89898989899 0.0105263157895
1.89898989899 0.0210526315789
1.89898989899 0.0315789473684
1.89898989899 0.0421052631579
1.89898989899 0.0526315789474
1.89898989899 0.0631578947368
1.89898989899 0.0736842105263
1.89898989899 0.0842105263158
1.89898989899 0.0947368421053
1.89898989899 0.105263157895
1.89898989899 0.115789473684
1.89898989899 0.126315789474
1.89898989899 0.136842105263
1.89898989899 0.147368421053
1.89898989899 0.157894736842
1.89898989899 0.168421052632
1.89898989899 0.178947368421
1.89898989899 0.189473684211
1.89898989899 0.2
1.91919191919 0.0
1.91919191919 0.0105263157895
1.91919191919 0.0210526315789
1.91919191919 0.0315789473684
1.91919191919 0.0421052631579
1.91919191919 0.0526315789474
1.91919191919 0.0631578947368
1.91919191919 0.0736842105263
1.91919191919 0.0842105263158
1.91919191919 0.0947368421053
1.91919191919 0.105263157895
1.91919191919 0.115789473684
1.91919191919 0.126315789474
1.91919191919 0.136842105263
1.91919191919 0.147368421053
1.91919191919 0.157894736842
1.91919191919 0.168421052632
1.91919191919 0.178947368421
1.91919191919 0.189473684211
1.91919191919 0.2
1.93939393939 0.0
1.93939393939 0.0105263157895
1.93939393939 0.0210526315789
1.93939393939 0.0315789473684
1.93939393939 0.0421052631579
1.93939393939 0.0526315789474
1.93939393939 0.0631578947368
1.93939393939 0.0736842105263
1.93939393939 0.0842105263158
1.93939393939 0.0947368421053
1.93939393939 0.105263157895
1.93939393939 0.115789473684
1.93939393939 0.126315789474
1.93939393939 0.136842105263
1.93939393939 0.147368421053
1.93939393939 0.157894736842
1.93939393939 0.168421052632
1.93939393939 0.178947368421
1.93939393939 0.189473684211
1.93939393939 0.2
1.9595959596 0.0
1.9595959596 0.0105263157895
1.9595959596 0.0210526315789
1.9595959596 0.0315789473684
1.9595959596 0.0421052631579
1.9595959596 0.0526315789474
1.9595959596 0.0631578947368
1.9595959596 0.0736842105263
1.9595959596 0.0842105263158
1.9595959596 0.0947368421053
1.9595959596 0.105263157895
1.9595959596 0.115789473684
1.9595959596 0.126315789474
1.9595959596 0.136842105263
1.9595959596 0.147368421053
1.9595959596 0.157894736842
1.9595959596 0.168421052632
1.9595959596 0.178947368421
1.9595959596 0.189473684211
1.9595959596 0.2
1.9797979798 0.0
1.9797979798 0.0105263157895
1.9797979798 0.0210526315789
1.9797979798 0.0315789473684
1.9797979798 0.0421052631579
1.9797979798 0.0526315789474
1.9797979798 0.0631578947368
1.9797979798 0.0736842105263
1.9797979798 0.0842105263158
1.9797979798 0.0947368421053
1.9797979798 0.105263157895
1.9797979798 0.115789473684
1.9797979798 0.126315789474
1.9797979798 0.136842105263
1.9797979798 0.147368421053
1.9797979798 0.157894736842
1.9797979798 0.168421052632
1.9797979798 0.178947368421
1.9797979798 0.189473684211
1.9797979798 0.2
2.0 0.0
2.0 0.0105263157895
2.0 0.0210526315789
2.0 0.0315789473684
2.0 0.0421052631579
2.0 0.0526315789474
2.0 0.0631578947368
2.0 0.0736842105263
2.0 0.0842105263158
2.0 0.0947368421053
2.0 0.105263157895
2.0 0.115789473684
2.0 0.126315789474
2.0 0.136842105263
2.0 0.147368421053
2.0 0.157894736842
2.0 0.168421052632
2.0 0.178947368421
2.0 0.189473684211
2.0 0.2