807
950
422
972
712
172
852
772
504
46
696
39
793
761
670
246
863
794
513
159
253
2
891
402
615
222
558
73
478
950
38
353
523
984
958
692
297
228
810
842
138
591
567
128
792
900
705
367
538
444
248
129
221
34
277
637
915
909
332
193
979
217
244
185
194
288
114
211
373
291
201
736
354
711
312
120
129
566
341
210
782
442
370
0
114
6
980
386
722
172
284
794
534
827
615
175
274
78
614
617
953
209
435
772
720
44
413
89
126
743
955
897
476
726
140
557
267
399
905
983
434
803
889
111
987
944
822
32
782
726
842
934
428
694
603
419
52
150
385
765
897
29
690
486
380
493
180
190
192
649
121
931
493
375
438
315
658
120
627
786
631
527
304
152
37
53
288
132
803
413
182
10
481
266
778
107
796
354
6
376
856
98
573
90
522
224
987
182
264
727
148
818
902
987
376
456
0
303
536
154
320
438
649
23
786
327
495
484
12
825
114
777
45
98
110
650
274
977
858
10
259
321
927
718
305
183
766
306
743
497
196
708
187
805
738
518
158
349
889
887
605
941
415
890
176
331
181
713
733
366
87
89
404
9
680
502
604
851
289
565
17
145
558
243
283
742
583
544
585
88
215
904
356
745
17
772
791
688
699
29
295
537
326
794
424
993
316
459
363
818
742
93
11
219
189
556
95
123
66
920
50
717
963
926
193
95
995
366
174
906
515
189
877
863
902
2
479
419
660
445
308
595
764
217
492
233
239
411
260
919
273
425
581
514
88
841
980
35
43
299
589
431
457
669
714
717
352
297
697
261
892
653
53
898
123
627
592
3
331
603
292
590
910
435
348
677
484
612
679
399
316
86
638
669
405
411
945
258
247
645
348
366
69
224
883
709
79
405
757
961
643
412
886
479
322
149
638
242
634
278
383
667
607
935
512
926
986
927
204
170
911
956
481
122
330
388
212
372
720
928
842
124
153
661
414
674
514
542
867
500
448
400
757
247
50
385
85
947
528
420
97
220
201
38
734
755
447
13
908
523
626
385
486
560
164
387
830
190
146
865
260
233
591
47
945
127
51
941
636
714
808
919
711
590
593
100
707
694
772
195
313
585
199
268
623
630
855
66
418
315
166
323
231
400
521
757
822
736
184
420
985
627
356
857
891
519
546
185
273
386
472
601
431
464
977
174
616
283
969
301
531
750
361
763
727
297
276
222
976
903
944
955
695
746
373
959
974
595
19
821
690
251
257
545
551
951
436
258
392
824
538
81
350
581
699
777
400
630
375
390
164
727
789
386
819
39
924
789
898
302
91
825
667
991
328
531
995
330
244
63
52
716
919
25
7
933
661
2
490
443
656
923
28
845
563
467
385
588
833
958
846
805
227
394
318
845
418
584
659
303
279
14
21
889
317
516
920
751
893
955
470
552
44
386
945
933
73
595
464
349
591
325
361
294
925
671
165
381
775
20
915
188
19
757
41
253
914
729
566
10
956
586
916
751
840
451
975
829
748
815
544
44
1
37
187
962
419
220
927
433
438
711
436
27
412
855
179
304
418
579
600
493
881
268
60
643
168
621
605
770
818
782
725
133
815
475
361
306
841
59
552
595
699
914
581
865
627
204
389
639
407
540
595
43
33
214
20
495
106
79
682
580
249
168
738
954
417
550
685
233
680
437
350
988
294
1
831
383
713
282
187
598
388
908
460
953
180
358
779
890
47
685
209
861
702
731
666
446
415
164
424
971
973
784
142
693
101
0
485
731
360
734
741
178
207
967
677
288
680
995
470
988
663
384
222
256
508
984
100
248
317
220
425
478
58
826
687
546
139
808
306
431
62
743
152
95
515
322
940
373
914
521
741
576
404
998
40
62
175
30
904
47
144
901
841
673
975
85
890
966
859
507
632
774
212
820
762
6
249
740
933
357
412
50
469
748
679
654
56
264
822
150
764
792
853
296
901
677
770
554
657
10
65
218
126
161
444
413
731
522
134
830
806
746
394
359
110
806
915
155
434
159
429
653
244
296
38
392
137
991
932
690
104
590
800
756
48
137
633
152
894
750
248
294
264
871
521
261
609
408
848
151
177
457
314
160
113
791
825
595
120
306
322
195
574
45
109
959
191
479
14
241
112
434
18
34
739
107
984
564
537
855
548
782
494
346
870
176
223
578
153
503
302
807
950
559
962
970
890
55
618
624
395
883
454
682
651
131
247
877
34
977
119
716
678
890
524
953
698
81
479
248
98
30
172
29
355
41
221
512
795
42
26
947
26
361
796
68
220
714